35236
13357
4447
28997
28991
28998
51269
51268
51266
5981
61178
48898
36605
22264
61170
36602
48891
61174
48895
43879
25064
25065
33925
55610
6796
46139
56120
56126
57295
25289
25287
25280
55835
32017
19974
278
51848
12019
22483
22482
12015
12016
26394
52463
26398
57479
31670
53733
53737
9521
53735
57473
65505
46791
65506
24886
24885
24888
49563
26021
5983
45446
26028
64908
64909
51264
44791
46869
24089
24088
37799
49300
49303
58076
46865
24086
46866
68179
38500
38507
38505
38504
3511
68177
68176
68175
2689
2680
62885
68280
62882
58211
68288
97
30411
30413
30416
48896
36154
13052
50645
57492
33856
33857
54178
62085
62086
62083
20253
44427
67108
29769
40852
67101
21313
29761
29763
1176
1174
1171
23055
23054
47217
44370
47212
47817
39598
7188
7181
7182
7183
7186
29106
42497
65880
8016
8014
8012
44934
44937
7455
26629
66505
50417
50416
50415
65086
65087
65088
65089
55625
10882
46569
50677
50673
26563
50679
66761
24706
24702
61232
61236
45032
61238
45031
22016
22017
22014
22015
4344
31908
31909
4727
4726
4723
16064
16060
19703
11281
11286
56821
4621
4623
59889
2336
41823
41826
11757
53676
40579
43686
43687
11759
63909
54044
63907
63905
63904
63901
51109
62508
20732
20883
62500
179
178
177
64020
175
60010
57297
49172
49173
42481
42487
49177
49174
21937
42330
45651
45879
45878
57084
57082
16934
16933
17543
38150
12227
273
6210
19977
12228
6218
41179
41172
59626
15874
51844
41176
6814
59621
9757
29373
10579
10574
53506
53502
10573
63279
21427
49794
37303
63273
63272
58280
21428
58933
41831
58286
56834
3873
37079
7668
40081
7660
54275
58687
37163
37164
37165
37168
37072
58689
41687
41688
1767
1765
29596
29595
40221
40222
67377
40559
29599
37295
24558
50084
50085
14342
11119
47681
54051
28356
28426
28421
14477
14476
34305
7566
50884
32860
51036
38365
38364
38361
38369
17921
35215
35216
35211
20741
17037
22249
22247
22240
19031
25044
53736
9523
44831
6779
6777
6773
46790
9969
57273
16728
55819
65692
55814
51825
51824
19917
49566
64612
64616
64619
51840
9502
9500
49098
49548
49543
49090
49541
49092
49096
45464
45466
45460
45461
3682
3686
43144
2518
2514
2516
26042
2511
2512
46515
46517
42814
42815
46513
42818
42819
68111
68112
68114
68116
58466
64452
53974
53976
23838
14642
14864
14865
18548
58231
18541
18540
38622
38625
38628
62316
62313
41541
41544
20279
10185
10186
10180
67167
67166
67169
40948
40949
29291
29292
47934
47238
47233
23072
23071
30291
45669
29127
29125
29129
31219
16355
8035
8037
8036
8031
8038
12859
46861
38870
8521
12580
8527
35914
35911
35910
26609
49304
66561
66567
66564
31422
22652
61032
26544
26545
68178
26541
26542
29045
52835
22386
60929
50699
50690
60926
60927
28656
24769
28650
28651
24766
24765
22031
65208
22035
65200
35665
31969
31961
32247
32245
32248
16009
55319
6201
56667
56665
52349
56663
52344
52347
43550
17601
25385
31838
25389
60251
30887
23923
57648
59264
51121
51122
64555
64553
159
20864
20715
52690
52695
8134
25569
60075
6185
42318
6182
6181
46670
46671
15439
49154
56267
45323
45632
45326
2729
15712
7237
41167
39807
10375
39803
63788
10561
63786
36585
36587
36581
63526
63252
58210
9775
10510
9771
10515
54691
14980
37360
18956
8863
54696
54699
14988
37368
24167
8869
818
41378
41379
67577
67572
30412
68636
5264
5263
68631
37185
68329
15851
68323
68324
67318
31314
67311
14456
33957
37983
21089
24571
17983
3029
58553
28406
30600
32563
15587
30606
32562
34989
30359
8733
31550
35059
31004
4194
66959
66951
55129
55120
38384
55126
34189
47004
23245
47002
59205
8193
6435
12445
30972
27008
30971
27007
8199
6439
48851
39383
39381
8357
59922
32581
32583
55787
21519
51425
9940
39039
9945
56473
9948
39037
39030
56475
32056
32727
32054
16212
16211
32722
57781
32728
16218
42788
42789
45184
55872
55873
42782
230
233
56781
20607
20606
25714
25717
43783
17794
64631
64632
62925
62923
17793
45402
45403
45406
64493
57255
49369
57253
43169
2536
2537
58030
58035
46536
58037
46534
22838
17164
17162
38818
68131
60443
60440
60445
9560
57433
9565
36778
53777
931
36775
36772
36805
934
5380
14848
33099
58965
33726
58969
33097
33090
33091
33092
33093
62335
13098
13099
13097
13095
13093
36112
36110
44753
12855
11180
33543
33544
33545
27824
59789
48076
27827
27822
48073
794
29725
57920
29726
22135
6580
23057
40924
13772
15135
26997
31761
31762
7141
39555
33894
37647
33892
30015
30017
34513
12872
12871
30012
8509
34519
30018
54589
2882
31493
7498
7499
26661
7493
7491
26665
12264
44977
28090
23013
28098
23018
66542
66546
24295
22632
61013
61014
49182
68303
24748
28671
58529
21907
35641
31944
14402
35644
13659
43318
40674
34376
16029
5808
51498
55667
51327
5800
19744
5806
16026
32911
17378
27355
56644
17370
56867
25368
15200
23901
61275
65223
65951
65228
51143
27218
51147
51144
64577
21433
60056
64579
20845
25502
36342
36341
36340
16689
16685
16687
20218
2705
2704
2701
4885
2702
10683
9172
9170
42198
16976
16975
17081
12268
6251
12267
52149
6254
53540
53541
10532
10533
10535
10537
53238
42995
53520
63504
63508
42999
832
22996
3470
22990
8887
3479
8882
18977
48262
41317
20599
10927
10926
44567
26850
40045
67080
40041
7454
40042
44936
68302
68651
68656
68657
1724
13133
62742
13138
10229
56015
40592
40262
40595
40594
33973
54012
3000
54015
14304
33979
33978
18350
18351
18352
38018
45963
17969
3315
38016
38011
20338
17961
57544
59998
30377
31029
66932
66936
66939
39202
66689
31024
53065
5659
5657
59197
59190
31307
46364
4450
67887
28284
28286
28282
27024
27027
21144
23220
48878
27029
47064
59220
59224
12464
30955
30956
12462
12463
50842
50843
40135
59303
3916
19489
19488
6738
28987
54787
35250
26053
50152
50151
9920
39053
9922
9925
50159
55850
215
55502
55501
55858
16765
19268
16761
22176
6088
22172
6087
6084
22179
47486
25773
43768
43812
43811
65562
49509
24824
24826
65568
64960
2555
2557
2558
20928
11471
43100
43105
58019
46551
46557
38832
38831
52558
52556
52557
17141
17142
25197
60421
60425
60427
53930
62351
58901
14823
58902
41270
64212
64213
48677
20104
22944
36138
20925
27849
14939
40905
40906
40907
39614
49727
29256
39611
37442
37082
25056
34288
39534
31702
31705
37663
37662
37660
37887
37880
30037
8070
12890
8077
26646
26645
40675
26642
26641
66217
50302
50300
50306
1110
1444
68510
1441
1116
23037
1118
47907
47901
23030
22613
22342
22343
26509
26503
48908
31559
31907
15018
43371
6528
4784
4783
32935
5823
5829
23699
23698
11267
11266
11265
11264
65022
45024
61076
61079
56628
56629
60216
56623
60218
25343
25345
51160
51161
53642
23961
23962
61294
65792
61291
61292
25527
25525
25524
43590
197
57947
190
25528
57949
21996
42358
54596
21998
21999
52303
12799
17307
9154
9156
10337
2763
2762
2765
7909
9483
7901
35376
7907
55803
12242
12243
12245
12247
20820
38127
51859
55805
24120
24122
37417
24127
21448
37418
37419
13794
3934
859
41338
41339
48248
44545
40061
44547
44540
44541
44543
11850
41194
41196
41192
41193
13111
13110
54042
54079
17946
14498
17940
12000
17942
58599
14490
58592
58590
54076
45942
38038
45945
8404
11185
66664
66666
66662
47598
31378
47597
47594
7576
29061
29068
29069
23752
1306
23203
1301
23755
23208
47049
27046
499
495
12402
6472
12400
6476
12404
12405
50790
50791
50792
31514
7755
7754
19469
32548
32545
32544
3937
6718
6719
6717
8339
9904
39076
9901
56437
56432
56430
32761
32762
55520
22152
22408
11088
176
13750
13753
26311
44515
25750
43290
43740
25755
25756
43744
46718
65586
21834
24805
49074
56297
56295
56299
56298
64988
11458
23824
11452
17436
17431
5033
64186
64187
4436
60403
64183
38851
38850
64189
976
53915
40908
21934
42486
20125
62379
62378
62376
40909
62803
62370
10126
48388
47543
67702
48387
39984
49382
46572
46571
26461
48031
48032
26460
27865
41075
41074
45008
10474
40631
63173
63171
58926
54241
8923
37066
37063
58928
43552
34268
30584
34267
15175
29181
47942
29184
7108
7109
31729
28119
47946
49929
66251
18786
11084
66253
67273
34002
34001
34006
34005
50360
50363
50367
37781
40655
40656
28054
14774
28050
24259
68537
47927
47924
24786
24780
24781
24783
5591
28633
5597
28638
39264
38949
38204
38205
38203
31984
35606
31986
50586
50581
50583
11203
66495
11204
43356
66499
51362
19073
38946
25325
25326
25329
25328
23946
23943
23942
50158
51189
51184
51185
51183
31840
14653
51984
51985
55951
32371
51989
42400
56602
52986
56608
52322
52320
7926
7924
57550
7295
53058
10310
57004
53054
57558
57001
26757
39861
10641
16428
16427
61942
60094
26127
26122
32638
20800
63815
63817
53270
63549
57885
10576
21312
46963
38445
17596
56970
56971
3430
57129
53501
38499
4842
2038
24144
5201
58600
11996
62493
62494
13179
36077
36071
50296
14347
11192
37292
37293
11196
33939
33938
62636
62637
38052
38055
24148
38057
38059
3046
42859
45920
34926
45924
45926
334
67045
66399
66642
66641
1099
66644
15696
29519
29044
28743
29515
23778
12587
47714
47712
47713
30911
15343
59263
6902
59260
48830
27064
27066
60191
33923
50800
31065
7737
7736
35037
19191
55095
19447
8359
8350
34740
34742
34744
8356
34746
39095
24443
50118
66024
50112
50110
61556
45190
55548
65619
65618
65615
65617
20610
61558
55545
45193
40080
45194
22133
22427
43723
43724
55744
27938
58685
19224
19997
32749
17100
56014
52044
56016
52042
56010
52516
52517
17108
17109
60171
13341
60177
13347
4459
36718
57496
57499
955
25307
24863
21813
24867
24866
49018
25304
48637
48634
4483
62827
62826
62824
16854
16857
16853
44736
16858
12167
46598
7187
42890
42892
42894
12168
42897
59722
27888
41011
45025
45026
41012
53643
9675
57942
10108
39659
53649
21764
21762
26328
63156
54268
54919
33036
11851
54262
54915
54265
33030
30217
59095
59096
23040
7129
7127
26930
7120
37626
49908
68735
68734
68737
68736
1660
67253
67706
67701
4070
44998
2829
50081
44992
44990
44997
40634
40635
66259
47943
58410
66250
47948
14757
66254
66256
34241
34242
41432
68556
7743
45771
18109
30077
34021
30073
38266
38264
35372
338
47364
3268
11227
11224
51348
48993
51438
51439
19054
22306
25902
25655
25656
65930
65284
29117
13840
55973
42460
55971
55970
42466
16620
36911
63700
63703
63707
63706
57022
9443
9117
65426
16448
65422
65423
12283
21157
21154
21153
64081
64080
37393
42287
42281
21482
59169
21489
22932
22935
49223
49220
49225
38465
38466
38467
53075
10667
10661
8025
4866
4867
2013
14103
19984
58622
51902
19237
52701
52700
52702
26632
52708
60614
60615
13153
13150
60618
13158
10597
36505
10598
36500
33263
33262
18668
33265
18665
41486
27436
41484
41485
20420
41480
38076
38074
20429
9110
46903
24002
47884
47880
47551
12993
37244
49875
30548
65424
40289
40280
30545
458
47773
47770
1344
47775
48022
8116
59283
8115
7714
39301
66621
61391
61392
67935
67933
50130
28950
28779
22441
22115
22110
65631
65634
12271
24872
13717
43700
19420
55707
3975
32506
55709
21807
3625
3624
60375
60374
11410
51661
16292
16291
56035
17470
56039
56038
38891
38892
4478
25465
60110
30162
4477
4476
46759
42077
42074
48605
49031
2461
45226
48611
20163
48343
20166
20167
36192
36193
777
47877
12143
42618
46909
42610
59702
59703
59705
59870
59871
36998
36999
9656
22938
10431
9305
9300
9301
10437
9303
49691
49690
37025
63134
11040
25732
26919
65217
44394
26913
49962
49964
41035
41032
68711
40346
40345
29941
14344
18297
28019
68571
10665
47967
5439
3360
58474
3363
34222
4869
34224
53070
13962
13960
35178
5554
18120
18127
18125
5559
2016
2010
34598
34596
8586
31328
23182
47341
51411
51413
5888
23633
61762
27744
48976
6448
55636
48973
27742
25929
22327
25676
25675
23458
23451
23982
23453
23980
23455
23457
55639
356
9884
39115
39119
9888
61186
61181
3102
61182
42446
42445
42444
10447
22589
8672
64865
10953
64866
64861
10957
64710
21170
21171
19904
16467
16468
63726
21178
63721
61988
61985
61987
24986
31633
46872
2254
46920
46921
24181
42918
46250
46251
42915
42914
42917
63854
42913
63584
52491
52492
22916
16233
2784
45699
8979
45697
41935
41932
45692
55811
10602
9464
2079
10606
51827
2070
2075
2074
14644
11958
18467
14125
18462
54540
11953
68388
52725
62454
68385
60634
60636
60632
60633
36039
9791
9790
36523
36522
36033
36525
33209
54099
23581
33200
14381
18601
54097
33207
54094
34961
48409
62672
20409
62676
67001
8416
34665
41759
59119
59111
29000
20425
29005
20427
27434
6495
9804
15388
15389
39325
6949
6948
39320
39321
39322
39323
15473
50736
50737
26922
50738
26767
47574
66359
66603
8398
34787
8397
8391
40405
40407
40400
40409
24401
4394
24409
24408
28753
3196
47752
28209
477
3191
3190
478
28974
28201
28971
28970
61453
22462
13735
13732
165
13738
43273
43272
43270
64037
19159
32838
32834
49544
32833
32832
56583
56581
56586
56585
15441
56237
56231
43182
35439
68727
23846
23844
23841
1657
65650
27174
296
32780
51605
51604
290
51606
56059
60136
52009
52007
60138
25448
25449
36209
25442
42582
64928
46001
42581
42584
2442
64298
47552
7865
39929
39924
39925
39920
57183
16819
42632
16810
16816
6379
12121
53355
39696
53351
53350
53601
45869
9638
40989
63113
9323
9321
40987
21729
58987
37008
58989
58988
21723
37003
21727
37000
45205
45200
41238
26970
40183
26977
40187
26979
49941
49418
49948
58189
58188
1627
5187
3200
1628
48090
41588
48098
59858
44332
555
554
29960
40360
29965
8558
58455
14245
58453
28001
58323
24231
58458
1198
3348
62245
3342
5451
68597
1195
1197
1196
30254
34204
34205
34206
4255
35154
28697
18147
55173
66167
66165
66168
23618
51477
23610
23617
19787
6578
61742
27764
25949
25948
7696
53752
16570
23477
6224
3832
3833
12214
23479
23478
457
7522
35336
50073
370
39173
39174
377
35338
55937
16663
51294
19365
51293
55931
55930
19368
51299
6142
12715
12718
52928
10976
10978
52924
52920
52923
52922
25614
60839
60830
10809
46497
46499
64592
2270
26146
2272
43049
43517
56247
11599
46279
46274
46271
42935
56910
38422
56915
41912
17289
9768
4535
13447
4825
50288
13443
4533
7988
10621
11105
57062
57061
53037
54561
11977
58842
52749
17758
64332
27967
17755
52747
17756
36540
13198
36011
36010
36019
63875
62650
21418
62659
48138
34948
48427
4554
20394
39773
67029
7322
10086
10087
10081
10082
10083
18441
12951
15678
59130
59136
63307
63306
63303
63309
7060
57597
37941
37947
37944
12481
12487
12485
34417
8621
8623
39340
39346
39345
39348
24397
24395
24394
26702
50713
26707
26704
47514
47515
47518
47519
40423
50747
9985
9983
11024
14501
14500
43978
1594
14509
414
38164
416
38161
38163
28222
23282
28737
64421
66889
47085
66883
66882
66884
61357
19173
19172
19177
32815
32814
47871
60333
60332
60334
60337
60338
35455
19281
19280
19283
19282
23860
65857
27154
27155
65859
25137
64107
64103
60481
36228
25428
53999
36223
46065
46064
52240
53196
52169
53192
2424
16831
16349
61826
40947
12109
52024
52025
56071
9617
57302
9613
36484
36481
9618
52184
21700
63464
63462
14888
37571
48300
48307
44683
44686
44685
26958
12081
49432
49431
14083
49436
49435
14088
3228
68025
68024
68027
1973
27741
13274
59836
59834
59835
13278
45081
44359
49460
40302
44350
30905
2842
5477
58301
5472
28507
5471
5479
20076
45884
20075
20071
62227
30503
32505
30500
30504
18167
58549
18165
18168
5510
52637
3035
11101
23674
66144
66417
66410
66411
3033
6518
59304
15023
15022
6515
6517
31104
35133
35132
35135
29635
39483
55487
32481
23499
32485
55961
34627
34623
34620
34628
35863
50052
35867
50056
50055
50054
55263
16649
55265
16641
19615
32660
51903
19342
51901
6169
6168
55806
65199
16612
65193
65197
65195
60814
57377
55967
60810
60811
64827
64826
64829
10994
56685
10990
10991
25639
53324
32326
25633
46478
21130
21132
46472
65338
35040
36927
22725
22726
22722
22723
31810
41973
41977
17512
17511
41979
25093
25092
25091
25096
25095
10948
13462
13461
64720
18204
52766
52762
52761
58822
37380
62418
52769
60678
20666
38375
21394
21395
42952
42770
48441
48442
16476
27499
45749
20449
21009
9285
9281
38895
11913
18424
33426
15612
59150
30193
15617
15618
41792
53410
7049
7048
21539
63322
36267
37219
37962
37963
37967
30998
30778
8602
8601
30770
8607
30772
8605
39368
39369
26724
39366
39367
68251
47827
47822
67406
50192
4354
40444
28240
11000
28712
14525
14529
11008
38142
38145
13705
52839
43233
43231
43230
19111
23706
5709
51028
5702
61333
61336
61337
61338
60311
28861
23803
23801
27139
27132
27133
65832
65834
27135
43491
25151
25404
43948
25406
25408
49743
15338
16587
16586
16584
32291
16581
42292
21342
12697
42019
21896
21895
12699
12698
20160
56274
46798
39960
39961
2469
1053
21093
7821
19808
22923
17182
56091
56090
9360
53316
8984
49181
8982
63401
63407
4983
4984
45539
45536
4988
48327
49458
58148
14068
49983
58147
49455
49984
3249
41092
41099
68001
68005
68004
59819
13256
59815
18981
18980
1481
5498
3306
54333
54330
5497
58365
5491
5492
30563
30565
20055
20050
48583
1270
40147
40140
36600
40148
47492
47491
47490
25094
11047
13496
29383
40322
29380
29439
29928
40328
40329
29437
515
1227
47677
23659
23127
23121
15007
6537
15005
6533
48915
27723
59362
59363
59361
59366
9975
25983
25982
31160
31164
35117
35116
35114
35113
35110
32467
4536
32465
32461
34605
8471
44805
44804
5866
44803
17948
17702
50033
31382
31383
61475
32609
32600
32606
19324
29237
22298
52964
10430
26456
53625
26454
26453
26450
26451
53627
24632
65319
50584
65316
46186
57246
26184
26180
22743
22747
22744
38971
43000
43553
43002
43551
43004
31839
31835
43558
31832
17575
17576
3492
41958
13408
11660
19906
24967
24960
65688
24963
25388
24969
62439
31468
45181
27926
20609
62927
17796
62922
62435
62920
45188
60697
60691
46237
42207
47283
45766
41409
45983
41400
53784
39731
53788
7361
44583
7367
33158
12310
33151
11930
54717
12910
15631
15635
59171
37936
53439
10225
10220
20340
49842
35836
37233
37238
37239
21518
62695
54789
54788
62691
68498
37720
37726
54786
54785
21624
15711
15946
9837
50205
7793
7792
58776
62662
68278
68279
52160
1036
1035
21331
52167
11069
28268
28262
14546
8660
8661
38123
38122
17894
4080
4082
4083
4086
4087
13798
66593
66849
66848
22575
66598
66843
32856
55079
19133
51553
61648
61649
60999
47116
23821
28847
23825
11490
23829
28849
8085
65814
8082
65818
22199
22198
44316
16560
64959
6648
6647
52208
67231
6184
10815
67722
56256
52204
56520
56522
53159
7806
39941
57125
39946
49150
42691
575
49151
21075
42698
21076
21073
6392
6396
6397
6394
64142
64143
2394
63423
63425
63429
46852
37539
37538
46854
46857
1854
2172
2177
4966
4965
48201
4960
49473
49471
62597
1932
1931
1937
45325
3266
58162
47969
28549
53844
13239
36916
13234
7233
54310
37392
37390
18219
14225
14226
14958
58348
62771
62775
62779
62778
20039
34849
20030
36626
36621
37191
41611
41610
15792
12874
59692
59690
59694
40698
40699
40691
44392
47610
23106
1203
1202
59343
8275
8271
39445
39444
39441
39440
14499
31145
31631
55443
55442
55445
67855
34669
67851
8411
53748
48901
8414
39199
44820
39193
39190
54667
39196
39195
5556
22504
22502
61454
61104
61101
58222
61102
6482
52946
26478
6481
4144
4141
4143
15396
32440
32448
32449
38954
38955
38956
65379
22769
38958
18550
51207
43579
31859
31852
31851
43576
5919
51763
51761
5914
55229
38480
52419
38484
38485
17557
17555
17554
56759
10512
13426
13425
4553
4550
11685
19512
11683
65486
56985
8866
64426
45169
64352
64422
20623
25239
37367
16796
24165
42734
6078
2619
20484
7346
10024
10025
10790
13432
7348
21688
62905
33179
54818
12334
12335
54810
54815
54814
30482
30481
63366
53458
63363
10242
53450
9026
10247
53454
10245
33284
49865
37259
51416
21532
41423
68477
68472
68473
68470
740
741
742
747
67626
67624
47344
67623
67620
24333
2948
2945
2943
5357
1052
47861
5421
47869
4312
4318
37876
11046
18024
30896
11042
18020
37871
38107
62015
34477
34476
34475
31462
50489
31464
35707
50487
50481
50483
23594
5745
5746
20284
43867
51576
51574
67996
25823
25820
25821
47132
61593
61591
15212
12530
15219
39277
39272
39271
42500
42506
42507
42505
50957
40938
12657
12655
12654
52889
52883
56506
56504
19845
19844
63994
32162
16321
16320
19519
19518
61844
61849
64168
64169
43905
43907
2375
2377
2371
64167
49671
46377
49676
49678
63195
4944
45570
41858
45575
41857
41853
53132
53137
2110
2111
2117
14023
14029
52622
68041
52629
13214
14324
36398
57365
53864
10497
57369
53681
880
14979
54665
14976
888
33342
20546
20544
20545
45390
38730
4014
38734
34869
20549
9887
354
40100
40101
40104
7501
47459
47458
47451
47455
47454
48729
48724
6865
48727
6860
67299
40816
40817
8255
8257
1268
8253
666
15518
34399
15510
15512
34397
15517
30834
39469
31612
31613
9230
39460
52628
37112
34646
34131
34649
34138
67873
67872
67871
67870
9821
9828
44848
50568
44842
44847
23169
66471
66474
66476
41465
22563
61129
22564
58320
61433
22569
26415
12590
36939
4127
35736
13884
60095
32420
28128
35054
53866
56191
56194
38937
22787
53688
22783
57368
31872
31873
11515
11516
23788
11513
27094
27096
27091
27090
27093
51219
51962
51215
5976
51210
56775
56776
56995
25035
25789
25032
46419
27320
65354
14975
65359
27328
54666
51679
64400
64404
45142
45495
45145
45496
16046
6055
64862
36894
20540
36890
36899
9227
9220
63728
23066
62714
12359
12357
63385
63381
63380
63382
3545
68457
3542
3543
21550
60108
49804
49805
17329
2965
2964
44454
21542
40719
26784
760
29862
764
24067
24319
24317
24315
24314
24313
24311
5379
1078
58733
58736
61024
31268
4336
54123
54122
33801
54126
54125
54129
37851
20200
44621
67605
41201
31409
26536
67619
51512
51514
23717
51518
5764
23571
27664
67464
67465
25800
6436
66739
42043
23318
23319
47152
23316
23314
15238
12511
35725
50970
50972
50973
63522
7429
39253
16521
16522
42528
15774
6608
42521
10857
10858
63850
60956
63979
63970
65729
63585
65727
26202
43435
43430
21963
46357
49658
42384
42385
49121
1539
17693
56382
3737
17699
56388
4690
4921
13584
13586
32235
45556
52498
11720
57165
54465
58121
58120
17075
62550
62554
36406
36400
60580
60775
60776
53809
4808
53801
9691
14919
62732
62731
14911
58386
41388
34800
34801
48299
32582
31296
31297
44600
41127
1792
15753
15751
15757
48747
48744
59651
40382
40381
40384
40385
29326
57830
18253
18257
18259
18017
6591
59381
39402
39408
59471
31673
49076
30836
47435
15516
55657
20661
44866
40524
44862
44860
16035
40528
44868
9949
39031
3093
643
3091
645
644
647
646
28326
3098
28325
28491
28320
23140
22238
22239
22237
22234
26438
9317
3378
4104
4106
17842
31098
26437
24698
24697
62453
32408
38315
55158
3892
3893
3890
28141
56178
56177
56872
37031
51808
31890
51235
51233
11532
11531
11530
19100
11536
11535
61417
61416
61415
61147
61148
51720
60546
56712
56716
64640
25019
9793
46160
46161
35119
27340
27343
27347
27346
25276
52510
25273
64392
64391
64394
46297
42260
52458
22864
39791
57444
9207
2658
10064
10068
9208
45904
63010
65237
12377
33135
51569
45121
45123
27225
45128
65232
9065
9064
53498
53499
10287
53495
10282
10280
49356
21573
21575
24059
17484
17487
17486
17481
68438
18656
17488
22842
13395
48198
20995
20994
48192
40730
40737
702
703
58247
58712
33790
33796
58240
58718
33799
62670
20199
30448
13024
31249
3037
31240
17876
3150
11083
18063
11080
17878
17879
33866
23550
66829
66827
66534
21141
66288
66823
66821
66820
6464
61622
61623
29214
22568
47175
66755
41028
34566
8570
34569
8579
15253
45405
12576
50913
39239
7408
31421
31420
39231
39235
19081
16059
19735
19734
19736
16053
40370
6622
26596
50624
50627
50620
50623
65707
37837
65250
65252
65259
61889
21010
22062
22065
4712
2337
2339
4719
49033
25481
46339
46338
49105
46624
41817
17671
4903
4674
60284
4906
57638
49176
57635
57145
57146
64076
60024
60027
60752
60751
52662
60759
60758
17166
53825
1189
28121
58462
1185
1182
62285
34829
34820
34822
34827
7241
36687
36685
36682
15730
41101
41109
10541
10542
10548
42538
29309
63223
29302
37482
33650
54624
18908
18279
33309
37488
37332
15089
30876
15084
15083
59908
8216
57957
47415
37152
37155
47410
34178
34179
9566
34173
34174
36800
36777
44886
44883
14427
58507
14425
11141
24504
14429
38084
38081
1514
10740
1511
38089
10525
5384
28160
28161
28166
58787
38330
24856
38332
38333
14847
35220
56482
15358
56486
56487
56485
11557
43080
33721
51252
5970
51706
51707
51259
5975
61169
48883
26766
48886
16330
32171
43889
54274
65394
27363
65399
56150
56151
52432
52431
8871
63614
57283
57282
57281
25291
25290
52436
51876
16269
8876
52477
52470
57466
10738
53709
53707
981
10732
10045
24117
58888
58887
64447
64917
45107
44275
9082
9081
44755
58086
46814
47249
44757
22869
3500
68147
68144
3504
22865
68417
2670
2679
33548
33246
5339
5338
58267
30465
30467
30461
30468
38656
36144
36143
36148
33847
54164
33512
62074
17817
62076
3175
3176
30796
30798
6540
726
40750
724
720
67130
23533
1166
66518
23536
1163
66513
21954
41520
42396
41522
25844
25849
3195
3193
42399
68316
28978
34546
12557
54313
793
27192
8559
65893
28759
65891
67149
50938
35948
54314
7463
35761
50935
19718
65091
19712
65099
19714
52864
52866
52860
25278
22664
52868
26574
26576
24711
49016
24714
50642
50643
50644
66778
61202
61201
22003
22006
31913
31911
31910
2317
41847
5858
3773
3776
4654
4651
41832
17384
57614
57612
57618
59653
51115
51112
63938
7887
17030
17031
17033
17034
17035
20742
20743
17039
62515
62514
20749
11121
49161
21293
46314
49165
46311
49166
45666
45663
45844
20529
45848
45849
41343
41342
49110
16925
16926
16921
7268
44647
44646
7260
12235
12237
12230
54424
12238
41168
6809
41696
48780
6801
53513
9746
53510
53517
53516
53515
53514
57878
31760
10568
63200
3991
37313
37312
16671
22847
59928
59929
54050
59925
30325
26808
26805
16512
37174
68604
67362
52260
40562
40560
40561
40564
50090
28360
14408
28367
1283
30363
14406
66183
66186
8765
1579
30361
6154
50892
13832
8502
55119
12870
34151
8495
34159
35060
35207
35204
13874
35208
28986
53690
5997
36412
5999
19388
57396
51271
51277
22270
22271
36415
22275
10487
25729
25724
43864
25721
11755
39004
45778
57269
2883
14905
57266
57262
245
55802
240
243
51857
249
51851
16711
22495
22492
22490
62708
22498
64600
64607
26381
50326
46486
9533
9530
65516
65517
60134
46788
50323
24894
46786
24897
49573
21601
42869
16495
64931
26032
26033
42804
44782
44787
44784
46879
68161
3520
37780
46873
46870
46876
58063
36787
10717
36783
53721
53722
2698
2695
2693
54987
14654
14657
54988
16754
68298
30407
36163
17838
62099
62094
62095
62093
67118
29808
44434
29778
29776
29772
10669
1141
1147
1149
23514
768
47200
59553
27602
27603
27606
39582
39584
39586
31209
31204
31202
6402
29860
15295
8026
8188
7440
50406
50400
26630
50403
7449
66575
12478
22643
22644
50662
4284
60935
60934
60933
60932
60931
26554
28641
28642
28649
24774
22026
22021
40390
65213
65215
61222
383
388
62380
13664
5873
5870
32254
16016
32259
67282
56677
56855
17634
3750
3753
3754
3757
4632
2194
13527
2198
60246
57673
11742
11749
57678
63912
51138
20892
20894
20895
14497
52116
60068
60061
64033
13292
64031
60797
21522
64034
64035
38
4763
42499
49149
42329
42326
46665
42325
49143
46660
2735
2737
45648
45319
41362
20092
45863
45643
9186
9184
57091
678
8225
57052
16907
7201
16908
6222
6223
12211
6227
12215
8867
57506
15843
15845
10509
40897
40894
40895
10500
40898
29342
21411
37372
24178
62790
11618
8851
806
805
8854
59949
67569
59941
59946
18459
40098
40092
26827
5277
37199
65045
39478
1778
18453
41143
54557
40231
19740
24544
28348
1552
3038
28439
1559
32264
11106
58546
8703
8702
30614
19030
8705
30610
8709
19747
50878
19921
35045
35044
55517
35042
55262
38374
19926
32731
55133
33072
23704
52364
23701
23700
15334
12457
12459
12458
22253
25709
25702
55792
55797
55798
6769
9977
39021
39020
56444
56442
56440
57249
16730
16733
57794
55869
65687
51839
27743
51833
223
32067
55867
16225
64624
64620
49554
21625
49553
49086
15313
45417
45419
43156
43150
2508
64951
64950
64953
64485
46850
46507
49332
49333
58040
46501
46859
46509
17175
17174
17177
10772
10773
53746
36768
9513
36767
53749
14851
54218
18885
18882
38619
62306
38615
38614
62302
21747
30420
30424
48413
36109
23171
36103
36104
18778
18779
1622
59797
20289
59790
41550
23178
59798
29754
67173
29756
67171
29750
67174
10198
40937
40936
1121
1126
1127
15108
15106
15100
29134
34505
34503
12591
8511
48095
67790
12841
26619
31486
31488
26610
23064
28086
47226
28083
42378
47228
47229
22621
22623
22622
61796
61023
61020
26530
23313
52820
52827
50688
50684
50685
2869
28882
28881
28880
61247
4776
4770
31959
13648
24238
51482
54375
19028
55655
32905
32275
51336
5814
32271
51332
56878
56305
56300
60268
25397
23936
23934
23935
57656
23939
27226
65946
65940
65943
51152
51157
64011
60045
60043
60041
20877
20874
25570
42304
16696
16695
1191
5452
2717
2714
53088
9169
9167
10346
39810
53086
42162
14395
63793
37953
18634
52680
10684
6240
12272
12277
36594
10524
10523
36593
10529
63240
63242
63535
9701
9703
9706
24119
34203
8875
37359
42529
8878
37420
21477
41302
41305
48212
4405
41308
45339
823
44574
44577
3097
26847
44572
67091
67092
12639
36637
68317
3094
68315
68312
68319
15826
56561
18342
24561
18348
24566
33949
3011
17970
3015
10756
30367
8722
34990
8727
4189
66945
66940
66941
35063
13872
35067
13875
4186
5660
5665
34194
34191
34198
50324
67327
67323
58792
58972
23723
47075
47074
23236
59216
15312
48868
30946
16
27036
27034
3904
3905
3906
6741
6742
32597
32595
35247
35244
50149
39044
55515
16753
55845
55511
16757
16206
19927
8888
48407
56798
40529
43822
43791
43826
25764
43796
43797
43798
37343
52630
45027
65553
12829
2525
64971
25795
43171
48264
5065
5064
5063
58028
58029
68128
17150
17409
17408
17405
68125
13318
4404
13314
13317
4400
25188
60453
9570
9574
36290
924
53942
5392
5390
14831
5399
14832
33715
48666
20111
64208
20113
40047
41538
48002
27855
41537
41534
29732
39602
9395
39600
39607
39606
9391
9390
67150
39608
67157
61745
34298
59519
42388
59513
59512
39548
27587
26981
48004
37653
37659
34071
12863
12867
12869
39601
40666
40663
28214
50449
56384
2895
26673
50332
50445
50330
50331
23000
47244
1101
66201
66200
66207
22609
22605
22353
9398
26511
25241
46511
8606
57259
43361
4794
4795
35651
4793
5833
5830
5831
65031
61005
32928
61000
19003
19005
32924
56639
64787
56320
25371
51176
23918
23919
65963
61262
65788
65786
43588
30589
25518
25516
25515
28461
42365
21988
6900
52373
39835
39837
4892
4896
4895
4894
16415
16414
16411
16413
7974
9494
6266
42186
42187
21187
12258
52151
20853
20859
21326
63519
63516
63511
3466
3465
50079
33384
3469
374
41981
45605
39176
41322
41320
44551
17965
44556
44555
55936
44005
44004
44007
40053
26861
26860
55934
57785
38012
1737
41188
41180
40272
40274
28473
1597
58588
1593
28475
28479
54000
54001
14312
27447
6499
33105
17956
38001
67524
59986
31529
45750
31525
5649
47588
47580
47582
40584
31023
47725
23743
28292
23744
47059
31025
487
486
51783
51784
480
12418
59238
59239
12411
6463
6466
6467
35001
50786
7741
50835
50839
31038
50789
3922
19491
3920
3921
3926
3925
3928
8307
8306
8301
39069
9939
9936
9935
32718
32719
19275
16775
22165
22161
6091
6090
44288
12067
34803
43776
43801
43803
21562
65570
21669
21561
49511
24834
24832
49516
49517
2893
11443
11442
14866
57758
11445
57207
57206
3581
3582
46542
52925
58006
64195
64191
38829
38825
38826
38821
38823
13333
13337
9559
53926
53927
9557
53925
58918
58919
62346
62345
26947
57547
58914
20138
64226
64225
48391
20130
20134
44762
23733
46894
46895
46896
45015
27876
48024
45010
41518
41519
45018
48028
64594
29715
29717
54251
54253
54255
54259
59533
15144
34276
39523
7172
27028
31735
31734
31733
31731
1696
1695
51791
1691
37892
37893
30025
30027
30022
26650
39299
26652
26654
26655
44947
44949
14767
66262
14760
14762
14768
15304
68502
68501
28043
28042
23023
28594
47911
13939
13938
31195
13937
4223
20
5583
5581
24790
38210
31998
46272
43348
35632
31992
43345
35631
42619
51374
23686
23687
23680
23682
65017
61069
65013
38425
25357
56916
60885
60227
25682
25684
3923
23972
23970
51191
23977
41919
61289
27263
27260
26220
60087
2285
19684
18258
32368
42341
42431
52313
56343
10906
10901
56344
17304
52315
10908
10659
26222
53045
10654
10305
10656
10653
7918
16435
7912
6284
6287
183
26137
181
20834
189
53268
46973
21301
46975
49254
63572
10622
22968
3440
22961
2754
2022
48251
48252
2758
44029
44022
44534
44537
58611
58613
10406
10407
33617
13105
13107
14484
37286
14480
14481
54567
14489
38025
28451
39177
3050
3051
27468
27460
45953
40077
55676
67507
40079
67053
67052
216
58840
66903
66906
55505
9620
15681
55857
29509
47703
66019
23766
23764
23763
66017
28900
15357
12436
15355
30904
12433
34483
48829
34481
27074
48823
12439
30908
31052
31502
31503
35026
35025
31059
35023
35022
35021
55739
32558
55735
21736
55737
6089
32881
19470
32551
8329
6701
34735
9910
9914
39085
39087
39086
56424
56426
50109
35280
24478
55559
55558
32773
55881
55555
13745
13742
13740
43753
26306
26304
43136
2560
65961
32081
32082
57772
11423
5029
52506
52050
52053
52058
52508
60411
13353
60145
13355
4446
60141
38847
60148
965
962
53907
36255
53909
969
46703
49069
20153
20152
48624
20158
64244
44705
42889
42886
42880
59730
59885
21858
59883
59882
45034
27894
27896
27891
27893
27892
39647
23147
29260
39777
23145
39648
63142
28497
1616
58932
8911
33029
58935
54278
37077
33755
18533
18534
54271
15168
59089
30597
59083
59081
1613
7112
67026
39501
49939
37616
1673
67264
67263
67268
67269
50371
40625
46666
58426
14742
58424
58423
14745
24263
24260
47939
45420
5811
46727
5566
5567
34034
34033
46663
50597
31312
302
303
31319
305
11212
11216
11219
19047
19046
51355
51426
51351
27799
27793
27796
25330
25335
23954
23955
38316
65925
65292
65922
27246
36383
49820
12749
10923
38745
64740
64741
10924
38837
52333
52992
52993
7930
9105
10677
9451
57542
53064
16451
16982
16455
16986
52194
52195
12298
52191
52193
61950
12290
12295
17410
20810
20813
20817
63805
60428
46919
22948
49726
38470
3423
56948
17581
2009
14176
18498
61918
58633
54590
54591
11986
60604
10580
53245
53241
18672
18671
54043
18677
11187
18675
14357
54048
54049
18678
15778
41494
62605
62604
62609
17913
17912
17911
34932
68400
34931
40012
44516
40010
40017
40014
40015
47897
47896
66382
47544
47899
47546
47541
66384
47542
12986
12985
12984
12981
67383
67386
67388
17691
1338
443
442
1337
440
15402
8698
59276
59278
8125
15408
8123
8121
39
26756
7703
7701
30
31079
50749
50748
66652
31071
50295
31076
46950
61381
19183
19180
66541
50243
67925
2891
67821
29971
22430
26326
26322
22123
22121
43733
38957
43731
43736
13769
4074
43738
43739
4071
13761
13762
32575
32576
3965
32570
5799
3969
3637
3630
11406
11403
11409
19982
19983
55575
55574
22058
32756
55570
51659
38865
38867
56008
4462
4463
13370
36278
942
21800
24870
49001
42068
46764
24875
42067
20177
20176
45237
48604
45230
45233
36180
44550
44721
44723
6326
12175
6322
46585
59717
59861
41007
59710
29201
29205
10445
10115
10112
10442
10111
21776
63120
37058
37059
8978
62835
62837
35703
62832
8970
8973
8974
14352
7139
26929
7133
6562
7135
7136
60086
37486
56311
28738
49910
46616
1653
46346
582
44983
67247
40359
67713
67243
24201
42491
2834
14355
28554
28553
14726
30205
30206
30200
34236
68542
38785
38787
3827
18113
18119
38256
38253
5544
8599
30068
8595
8593
35363
47374
11231
11232
11233
11237
48984
4918
51406
51405
55387
51742
22333
4914
25919
25318
25314
23420
23422
9895
39125
42472
42473
16619
42471
55964
55965
16611
16610
32324
55962
55963
22592
22594
64891
64892
64725
10943
10947
1590
63712
57445
9470
42294
38090
61977
24990
24993
21166
21164
1598
26178
43076
21286
26176
49216
46247
46933
46932
24197
24196
24199
24198
57448
22922
55740
22920
38419
4877
4871
41928
4872
4878
2799
2061
2790
361
57038
2794
2795
58651
58650
58653
14111
14116
52714
17700
52711
52719
13140
13142
20692
20693
20695
20773
61345
37939
16654
54714
37932
33277
54710
54711
54712
33273
62669
62668
20434
20343
62661
62660
62663
51912
67012
67014
33137
44068
44066
44065
47569
47566
12899
12961
29017
40290
40291
40292
29546
65185
727
464
8109
15469
15468
6489
15393
15460
15391
59295
15464
26771
39332
39331
39336
66638
8360
8365
8366
61364
52933
67905
10289
47747
48405
3188
3189
55939
61509
22107
35794
35798
21570
13702
13700
43242
13704
43717
51090
51092
19436
3989
3984
51099
19439
3982
3983
52274
52276
52271
6531
35427
60368
35424
57739
57738
65624
65626
65627
65621
65622
51890
51891
52013
52012
56021
52017
25453
25451
36212
64100
60102
60103
60106
46740
49022
42595
46745
42597
47057
22846
2472
2470
44618
28294
57197
7871
39935
47053
41468
16869
6309
12151
6302
10136
59840
59846
53638
39688
9319
29220
53633
40994
9643
10425
33060
33063
55631
18866
18867
33067
18865
54948
49681
21752
21753
41247
41240
41248
11610
48804
40192
19813
1630
1631
49978
1638
49971
3437
48089
45079
44305
29959
29953
29950
18285
41138
54369
28579
42775
68566
68567
5424
5426
3373
5423
4248
4247
4244
4241
18139
18130
50831
50830
44
40
31037
33919
66174
66171
66173
35300
47358
51464
51466
47357
30886
57054
6543
61777
6541
30881
15078
25931
23997
23993
23448
33317
33316
32109
32655
16672
16675
32302
16679
32309
61196
6151
12703
6153
61192
6156
61198
10960
10969
33319
13457
64702
64703
25669
64707
46487
6583
46483
63730
16496
68570
63736
22716
61999
30846
30847
26156
26155
6585
25592
25590
46262
46266
46264
46269
49764
38435
38434
52481
38439
2044
41908
41901
41906
11616
57050
57051
57504
10633
10631
58851
58856
54558
54559
54556
18452
58858
32939
62460
62466
11087
60645
60647
33867
53282
37835
62646
62644
33212
62649
48414
20417
20410
20411
48411
10093
10095
67037
67031
41767
41761
41769
12949
15668
15662
15666
7073
14394
18636
54086
54087
54080
37957
32715
37959
18639
6976
30744
6975
8167
15910
12497
15912
12499
12498
26719
50709
26712
50702
66349
47509
66612
66616
61343
34797
61346
34790
61344
40410
40419
4389
24418
24419
4387
23297
28745
28746
66289
28966
28967
66824
22471
13728
26363
26367
58281
51076
51074
51075
19142
51070
52259
4771
56229
52253
56227
45189
23870
65864
27140
65647
61520
51612
65868
51615
60123
43999
36237
43993
36235
43994
42029
49430
65797
2459
65571
2454
2457
63697
7859
39916
63699
16808
61830
61832
5494
61839
16805
6368
52033
52031
52030
6366
52038
10402
10403
36949
10405
53616
36494
10408
10409
53349
49040
192
68028
58994
33048
33047
25866
37013
18844
21735
62878
41221
3224
62871
62873
62877
26969
49951
49958
3233
58198
3234
58192
44105
58196
18433
58194
54577
13260
41595
2872
44329
44324
44325
44326
44321
40317
40316
58449
3359
20064
8575
5443
62255
38747
45898
34891
53617
18151
5500
5501
29976
29970
67757
40303
66152
23607
57209
23602
66154
66158
23608
27774
27775
47339
61758
59316
6561
61757
35140
23460
3826
23465
34633
58395
31376
369
39162
362
363
360
39165
46541
55924
51911
55259
45885
65183
65182
6172
12720
10988
6510
64859
25603
24603
60803
24608
60804
65325
24959
65320
65322
46464
38987
16958
54698
22735
51397
31807
33980
38438
11580
43034
43037
21790
21380
41967
4528
4526
13453
4521
13451
36729
7990
21792
62405
62404
33182
58830
58833
58832
58834
60665
52753
20655
27973
63860
42925
63863
48437
48431
48438
34958
48122
48120
20471
48127
48125
7335
9297
33454
54576
18432
54573
11969
59124
59125
15604
59122
59123
53407
53406
10211
53408
33982
33231
33232
33233
33986
37978
18386
18384
37972
30767
30766
8143
65128
34402
30982
26734
39378
39370
50279
50272
50271
50270
2995
47525
47523
47832
67415
31583
9998
50183
50182
40438
40439
40434
40435
40430
9994
14514
14512
14510
14511
28723
21339
50989
42323
33792
66898
32800
51053
66890
19169
61323
61325
61324
60324
60325
66149
23818
19299
27129
65848
65661
65662
27122
65665
65842
25141
25145
25144
25410
25149
10634
46077
42008
42006
42001
52237
52238
2433
2432
19836
16821
16354
16823
16825
16350
19839
61811
12117
12118
56063
17198
57332
9605
9356
9606
10170
10172
10175
36965
21247
46695
21714
63412
3782
3780
3781
65387
3788
4997
20500
45525
45524
41203
45521
41205
45523
4999
26948
21908
40153
44697
40154
37396
14075
49427
68744
68745
13243
13247
13244
59805
59801
5461
58319
54321
28534
54326
20041
20045
38767
62234
36612
36619
32484
67779
40333
40330
47646
47647
23660
23666
47317
66135
8285
8281
15032
59372
59375
15034
6504
39498
31178
55491
60282
55497
23486
23485
23480
34611
8465
34618
39144
39145
39146
35698
35699
31399
31398
50518
50514
50515
35697
44297
32613
55277
19625
22282
52916
22280
22285
52913
52919
60861
60863
64834
60866
60869
32803
26440
25628
18339
24626
65303
65302
46443
46193
24970
38965
38964
43541
43016
43543
31820
43013
43547
28443
26190
26196
1
5925
5927
14495
28440
17506
36865
17500
4503
41948
41943
41940
60025
2088
33952
20674
52771
52772
20670
20672
62427
62936
62932
32612
60681
60683
36578
42940
46995
63889
46998
63883
1693
45756
45754
41419
27484
20901
20458
16644
41410
41413
32661
53797
32662
53798
15021
44599
44598
44594
65198
33433
33430
33431
58811
54519
18413
59142
59141
59146
59145
59148
30161
30160
12900
10233
53420
9010
53426
10234
63331
63332
68480
37221
37220
37737
15488
15482
45135
15487
15957
50213
7780
66300
26651
58769
68267
68265
1008
1003
52901
47814
51333
56687
28253
28702
28254
28259
14530
11012
11013
8611
34421
17885
17887
17886
66260
43226
19102
32863
51030
65847
19107
32864
19105
61659
61301
61300
35488
60301
35481
35480
35483
35482
23345
21587
28879
46808
27100
57096
65826
43484
25163
43481
43482
55684
46471
32288
32289
47263
12689
23025
32916
56264
56265
56269
10829
57682
57681
7815
39959
39957
57133
57132
19818
42687
32135
32136
17499
19811
23205
61879
64152
56089
56084
56083
53309
63430
53302
53304
37502
37500
49199
49190
49192
56886
1829
1827
2411
2410
4979
2416
31197
4976
49993
68015
49449
41084
36902
36907
13221
14945
14944
14235
54656
14231
54652
14239
62746
62747
38705
62743
38707
62741
5487
5486
58376
5482
62749
34855
30579
34850
44104
40130
44106
44107
44100
58276
47483
58785
47485
18198
18191
31517
58784
59682
59684
505
29935
40680
23138
23139
23643
23132
23130
59357
15011
15013
30392
8265
48903
27735
27737
62906
25992
35108
35109
19835
31159
31157
31156
35103
31620
31623
35107
55479
16351
55471
34671
34672
34675
34677
7573
17510
7574
9815
14280
66440
50029
66447
66446
14934
32547
14935
55218
54626
55212
55210
3930
41049
37334
52979
4158
64813
26467
64817
28115
35639
28111
24645
65369
65368
22770
65363
65490
31993
8138
43346
35630
31990
43566
43562
43561
51775
32635
5901
51771
16164
19319
19318
38493
38492
38495
38494
3480
40327
4561
60519
60516
42288
27930
27931
20616
27937
27935
45199
25207
25200
16780
6065
12096
49299
58823
49295
42742
5450
2600
2602
20924
20921
39723
10787
39728
7379
21691
21699
11925
54536
33141
30498
30493
30495
10258
9030
9037
53441
53442
53444
10257
10256
37716
21521
21520
54790
18694
24005
24004
18699
49879
37719
63355
753
751
754
739
50234
50231
1025
1027
1026
1021
5342
5343
47878
58748
5349
68204
68207
7704
67983
67453
37867
18031
18032
32730
23525
37869
28278
28279
11078
28270
3106
11074
23529
8671
34441
5
38133
38134
31452
50947
50943
23584
66588
47293
23580
66585
35339
66850
23588
45526
51548
51549
19123
19124
27698
59084
60982
28858
28857
28850
61580
61582
15201
65805
61588
52055
22189
39262
26943
42516
16575
19782
12662
12660
12661
56249
43745
10805
10806
56244
10803
63982
61857
6384
6381
61851
43974
43977
60184
64176
60188
64172
49607
49600
63182
64507
21209
37520
37522
60084
1849
45562
45565
45569
37884
1846
4959
2169
2168
14031
14030
49466
52635
52634
17047
17046
17040
17043
5138
60720
60728
53320
53321
53322
53323
57373
36438
57371
53328
36926
36925
59809
37386
14784
14783
18201
45385
20005
20551
62769
62767
45389
20558
62762
62763
30559
34871
30553
40115
40113
40112
15613
48733
6890
41609
48735
41601
17300
40808
40803
40805
40806
52314
47602
47603
47604
47605
8248
59407
30808
8242
8791
30800
8427
34121
34122
55180
55181
55186
39184
39182
39183
50002
35835
7599
7594
7593
7592
7591
7590
10655
23116
23113
66466
23119
22571
65168
61448
22574
5346
52958
50437
52956
4132
4134
4137
3841
60404
32439
28138
60150
56185
56184
38924
38926
38929
22790
31863
31860
5968
55231
51751
19669
51204
19665
5964
19096
19660
56765
56769
56768
17544
56982
19720
4543
64697
6638
57584
11693
11691
65347
65346
27312
65341
46407
46406
46405
46404
46402
27319
64437
64430
27910
27911
27912
42234
42230
5436
6041
6046
6047
6044
42727
42725
55281
20948
26581
45712
20943
20946
20947
20944
45715
7353
10011
30997
10017
26720
54807
54802
54803
61180
54809
62972
62976
53469
10278
21549
33293
37268
24060
24062
49817
20494
20496
41459
41458
22895
26793
44446
773
29875
29874
67617
24325
58729
68224
68221
1049
1048
65137
4303
4306
4305
60569
4308
11050
54112
18015
11059
24492
10490
54118
38111
38112
3127
3125
34463
15993
31479
31476
50966
51565
51567
23566
23560
61611
15197
61612
61615
27674
27676
27670
66704
51693
51690
47642
28837
23307
47146
15223
15224
39243
39242
46574
39244
7439
42653
16558
12644
6671
12641
12642
6672
2327
42535
42533
31921
56518
50616
10863
10865
21044
16883
16332
63969
63618
32178
16339
63966
63613
21049
43913
43919
26234
42391
21952
49667
46360
46361
49668
17683
17682
4685
4683
13591
41846
45546
45543
41843
11734
57173
2108
57174
2101
11009
14017
15036
58119
49480
15037
20796
20793
17066
15035
68054
20799
68057
57398
53874
53875
53693
36417
53695
10486
57392
54619
893
894
895
896
14903
54615
14906
34810
34813
34814
16266
36679
44631
1783
1785
48758
41479
6873
67289
57820
40399
57829
33254
55498
51879
8224
679
8226
674
30829
59399
39471
15503
59391
15506
31669
31668
47445
47441
37108
34101
40536
40531
67869
67862
23149
36213
50996
50572
44851
50575
50576
23172
23173
47623
23176
23177
28489
34264
22559
61422
61421
22553
22552
61425
4114
4113
31083
26427
26422
28159
38300
32417
28152
56168
56167
16031
31881
23797
23794
5942
11507
11505
51739
27085
10737
51221
56709
60554
56704
10733
25799
25027
25792
42951
17235
27337
27331
45487
45485
25249
36083
46281
17217
17210
52429
10073
10072
36884
10074
10079
9218
9212
9213
9210
9211
9216
9217
9214
33103
12363
33104
12360
33253
12368
45157
36324
45159
10299
10298
10295
53481
9078
46824
21563
49340
46823
63396
21568
68423
45736
41477
45739
13885
29859
44467
40709
40707
40700
58257
58704
58703
58702
24300
24304
58709
38682
5303
5304
13016
13017
30453
32260
26446
48570
31271
3142
33810
29983
62049
20211
62045
62044
62046
14776
31416
5779
5778
23549
23543
23545
5776
59077
61637
27652
61635
59078
67494
67497
67493
23324
21598
42821
12561
12563
35750
7417
65309
32992
16535
6613
6610
6614
65133
10840
32295
10849
50637
50636
60948
22862
60945
60940
60941
19528
19521
22057
12190
12193
12194
61896
65734
25496
43396
43425
25493
43393
42018
21978
46344
49642
21793
46343
56393
17667
2121
2123
2124
2127
13577
4660
4661
57628
30903
53102
57626
53105
62544
62541
58133
58135
136
64063
64069
64068
52677
36472
15896
56270
60762
27073
6834
30909
9681
6449
9686
62725
20519
41398
41392
41395
44614
7255
7256
7257
7250
15347
41137
41135
48773
29312
6859
48779
48778
29334
29335
29319
18242
8805
33315
31051
18247
14297
8803
18248
14929
6582
59916
59911
6586
8208
6584
8206
8207
6589
59918
49045
50815
50814
47429
19045
31985
44870
44872
44873
40517
44877
67802
40519
67804
7820
38096
652
3088
38092
47390
47391
47392
22209
22202
22205
13802
28175
28179
18265
38327
55140
43099
6700
43095
44955
43090
51240
51245
32697
51246
51719
17963
61407
65126
65123
65121
65120
30863
64658
60575
30643
56097
17184
17185
27352
27356
65385
25264
25269
64477
51860
16279
16278
42274
42276
42277
52507
56725
56728
7393
53715
10054
36860
63009
57323
58898
54843
54844
54845
54846
64383
44267
49184
52681
44262
32549
21589
21588
46804
42856
38706
17495
3579
68409
68367
3572
13388
13389
2939
2934
33789
18581
33786
18585
18584
33782
20183
57066
38660
30478
68368
37806
11097
11090
18720
37800
11099
17801
17804
17806
33873
33874
30783
32249
46993
67125
42946
67654
67653
67652
23526
66830
66527
66524
66525
66522
51529
64175
51520
43750
25856
43752
31250
31251
41896
27480
15265
34570
48104
12818
15268
39203
65114
20457
41415
50386
62682
7470
7472
50924
50922
51388
32206
16044
32205
51380
19091
51382
19721
6639
22691
22692
45758
56559
50659
50658
24725
24721
50653
50655
50657
50656
21008
65711
61212
65248
65249
22077
4707
4704
31922
4701
4700
65651
2328
3765
3766
3767
21912
3769
21910
21911
68009
46325
41804
17393
56805
56803
56800
56801
13559
13558
13552
13550
60295
68003
41043
19893
57606
57605
52121
52659
5156
116
60030
53387
36459
36456
36323
36322
46634
58814
46630
46632
19699
49118
45850
20535
20532
48577
48576
7272
7273
44676
44674
66247
6833
59600
6831
6836
6835
15897
48795
41115
15729
10553
10550
65895
53528
63211
63216
63219
18269
66998
18264
18910
30868
30869
30648
15090
30317
59939
30647
30313
34364
39439
7648
39434
39437
62757
64064
47409
47400
47401
1747
47406
1743
67820
67823
67824
67828
35892
40578
35894
28371
32500
14411
28376
58496
6977
1299
54334
1292
8484
1563
66996
66995
10640
35096
13824
55166
55167
55160
55161
55162
28195
28194
28197
35941
34147
23069
34143
34142
34141
38341
50937
34148
