35232
35547
10611
73462
11542
11543
11540
11544
11545
11548
55680
51267
19394
51263
19390
61178
61179
87969
22266
87961
82440
87966
48894
87964
25060
25065
6792
82994
82998
28560
56122
56124
75943
75945
57290
57294
57296
55836
16251
51847
51849
51848
55839
88020
12018
69056
12014
88028
12011
46701
9256
53732
53730
10707
9253
10705
65504
24881
46790
24884
21615
46799
49566
65509
21612
26023
26022
20801
69177
69178
62368
44249
20150
44242
44240
44245
22874
49300
58070
58073
68179
68178
84690
3517
62360
33303
36849
71280
71285
71826
71289
71532
62885
69886
49443
62889
38649
61173
61175
59349
82445
13051
70483
70480
46969
33850
33851
54173
54177
33858
33859
62089
41560
14689
87108
52492
27571
27576
87106
40966
44426
68260
29815
29813
29812
67105
40969
68824
68826
47211
47212
66899
56971
39599
7188
7181
29432
7187
76886
72251
76882
47672
72259
8018
8545
88567
65882
8014
15281
65885
88560
88561
7456
26627
7451
35938
66500
35932
35935
2331
65088
52810
16375
52814
84906
88702
84909
6793
26565
26563
74955
15556
69392
59731
75532
61237
65269
79007
65267
77756
22019
394
76494
86229
48914
4729
4725
13615
13616
86220
31900
86225
32221
74484
5840
74488
74489
16068
59647
80895
17628
3743
3740
13535
13534
4627
4628
41826
11751
51104
51109
52103
20886
20884
52105
20889
20888
11991
60019
60014
60010
13282
80104
74224
80107
80100
80101
85422
85423
36302
36300
80109
36305
46653
21932
42480
46657
21939
21288
87370
87377
45654
20087
41357
48554
48221
48222
83862
10391
10392
10393
10394
10399
57088
7218
16253
12221
12228
79720
18327
59628
15870
59620
57884
10571
9758
18326
21422
18931
78479
78477
78475
72450
63275
78471
59959
67597
67599
29762
59955
30627
76866
26818
26816
40082
40087
68348
41683
18537
68340
1767
68342
89102
29596
29597
83138
83139
83134
83135
33247
83133
24551
50089
24553
37295
24556
50080
50083
1547
691
696
697
1540
58535
28355
14474
58532
1549
72139
8713
79708
79707
79704
79702
79703
72136
72137
13843
59084
31570
77560
77564
77565
73665
78524
66973
72394
55103
55100
55101
85998
38362
55108
55109
85990
85992
17921
53143
35214
35217
25420
3041
23261
17034
43302
82429
10703
25043
25730
57471
10704
46792
27397
6777
73915
39017
73917
24588
73913
56455
24589
56453
19918
258
65696
32071
253
55817
60009
32077
88049
28014
12037
71598
81198
49562
9508
57419
9502
57410
57411
57417
57414
55207
49545
21634
45467
45462
3682
84102
3687
3686
3685
81998
81778
64924
81992
81771
64923
67266
49898
11487
75073
3535
75077
68119
58122
5052
38569
60461
78521
10760
36820
36821
53971
23839
70138
70139
10768
11480
53978
21294
18893
18890
18549
54993
18895
71512
71511
58949
58239
60871
30044
38625
62313
87299
40629
30433
83452
54198
61762
20272
27555
27556
27801
27559
38192
72894
38194
38195
87129
48059
40622
29741
29747
29294
40942
29744
68802
72095
1159
72090
1157
1151
30293
30292
59012
14740
59018
39579
58420
31745
31743
79513
8034
76204
72277
79514
79518
76208
12859
8522
12857
35915
26600
35913
44916
26605
72023
33765
24085
65062
65060
2798
3518
52839
52838
74685
52834
13987
4290
28654
24761
28659
65208
80446
75516
75515
39465
69693
69692
77007
69696
73056
77008
4749
4748
43338
13677
13675
32241
16006
16007
19764
56840
56841
56844
17608
17604
17602
13518
13512
13510
48838
54429
2799
57647
12688
51121
15345
86865
52699
64004
64003
64553
81389
52166
87457
41698
25568
6185
6183
6182
41691
2725
48203
45322
48204
15863
23993
39806
63789
63788
16914
51928
80384
80385
16911
42179
51929
6231
30631
70366
304
48963
63525
63251
10511
10517
10514
14989
71184
21403
819
41376
39955
86409
5265
5263
21433
37188
37187
14182
14186
40202
40200
4576
83152
67313
40208
24158
14325
63653
14321
14320
4579
18378
23184
79721
17988
79729
30600
34982
30356
59972
30609
30359
22459
4198
31319
4193
31002
86232
89009
66953
18921
38389
38388
38385
38384
38386
38383
38382
64234
34187
83294
35273
23718
23715
6437
6436
6434
6433
82409
87927
82405
33501
30978
87432
73601
73600
59926
79508
55784
32580
78920
6758
6753
6754
73937
73936
32966
79395
9948
16741
85486
32727
51804
16213
51802
16211
19930
20603
16218
88067
88066
88065
88061
12059
17799
42782
42783
56786
56788
81170
21650
42738
49524
85380
45406
2538
2533
2534
2535
58033
58035
38546
52573
38812
75096
75097
22834
38548
44427
70116
70110
70111
939
10744
58962
58965
11837
14662
54202
13097
48558
85126
44209
44207
44204
85129
80448
33548
84525
84520
68798
84528
41525
41524
41527
9385
57924
9387
29725
9381
29729
67144
9388
45509
62590
71571
71575
71577
65927
33571
72074
81034
68864
1134
42976
59564
59566
59562
31765
53641
26990
31763
77937
26999
7141
7142
78891
37640
81447
78114
71794
78117
78110
37648
71793
72219
8052
34044
8057
8056
72211
8508
30018
72217
34937
2886
50459
2885
7492
50321
50450
66549
23012
28094
47254
28096
28097
28098
24290
88290
61010
61017
88295
88296
77249
24741
24746
24747
24748
24749
28898
28892
74913
14406
28897
58529
13650
35642
31943
35647
13655
43313
77793
31949
77063
86264
26294
86262
86261
73035
5809
33579
65041
51328
55667
51495
55664
65048
65049
32910
51321
34372
17373
79995
79994
60278
79992
46026
36427
23901
23900
23906
23905
23904
26919
65955
32346
80647
53894
53899
80645
85469
42372
16688
42377
85462
74261
16681
16682
75791
75792
4888
70569
2705
10358
10688
33154
10683
10687
39824
61905
61907
42197
42196
42190
54521
14945
10532
12746
53232
53230
53547
53548
53549
88566
63507
42992
9712
63509
9716
9715
75136
22993
75130
22991
24102
8881
18976
18977
48260
84738
8542
57928
26852
40047
40046
71141
80859
71966
14238
71963
68651
68654
1729
469
5247
15831
78567
40597
63776
40267
38874
58574
58576
32029
63771
79742
58371
62108
48480
1580
56012
1586
62103
67552
66930
31027
33310
49845
53065
5652
5651
59197
59196
59191
21510
24031
67339
37715
28287
28286
28280
66068
72687
27026
48872
27023
23222
47061
27029
72688
31792
30954
30955
59229
15307
82177
82176
30952
7777
7774
35070
50841
7770
44101
19484
19480
3919
74070
34704
6737
82289
82288
8318
78905
56410
56418
84358
50155
50153
50151
73483
9924
9926
73484
216
217
55503
32709
32708
218
22174
88703
88085
88081
22178
49341
81154
77477
77474
69227
69220
69228
77479
46775
64526
21674
49502
21671
21670
75302
75303
81730
64961
64963
64967
45420
26080
11477
11474
57231
11473
11470
43100
80796
11479
46888
58016
46887
58012
17149
17141
25196
60428
25192
25193
70179
36759
80286
9546
53936
58908
14821
14826
24359
14825
71899
87258
45281
83415
83412
83411
80463
59681
80460
44771
44774
41050
47808
27599
41509
27848
48019
59764
48016
48017
48014
70799
40900
44487
44489
29703
54227
78358
78356
78357
37089
34280
34284
76026
76027
76791
15936
43863
39533
83773
59506
78687
31704
31705
78689
33561
33562
33563
33564
37666
33566
78172
78171
78176
78174
30033
12899
30036
30034
30038
8076
26643
26642
43644
3424
50309
66217
66211
50307
66219
1447
1115
55512
28075
68519
1449
28071
14955
56593
26505
6521
28618
72234
72941
28612
8268
72948
77047
77045
77044
77041
77040
35836
53789
77048
2307
4786
88389
4781
4780
51306
5822
32930
5826
23699
32938
32939
48907
71915
7914
59729
64779
64778
23968
61447
51164
74790
9676
82349
82618
61295
65791
65792
65794
65971
65796
69070
196
25529
74242
74244
74247
74249
80619
74539
8660
21991
42428
42356
9679
17899
57575
10333
10330
39842
10336
57573
70090
10338
34456
2764
34459
63746
6273
6277
6276
31621
66026
9730
63568
21334
21331
21338
855
22977
22972
48247
41997
80870
40069
71947
80874
44549
44545
40060
71948
40065
33032
5221
8900
88034
11321
13117
15811
15813
89115
78542
71054
71050
14368
78539
28449
17943
14490
14495
14366
87064
18675
45944
79761
79762
20318
76490
33928
83994
83995
11188
89040
66918
66913
50532
62602
40246
62600
29060
40249
47040
47041
47043
41493
23206
66001
28917
41492
28913
47739
87475
34490
494
15362
6477
80938
50822
31512
50828
32896
3935
3934
32547
32540
19463
34722
34727
72553
34728
72557
9905
56438
56437
56435
56433
30696
50176
24469
34935
19201
19204
19207
19206
22401
22402
69243
81130
69241
81135
77454
4049
77453
16825
82549
43297
21838
24809
82800
3661
65588
82805
46713
49072
46711
46710
3669
21834
21837
73205
56295
67072
67071
2579
2577
64982
64983
64980
57211
57214
5036
5035
5030
4435
4434
60157
13321
13323
52533
17120
17121
4438
977
53916
53915
53914
973
972
36734
80628
21933
80268
80267
80879
20120
62378
62805
87278
64230
64232
40639
59744
45004
84569
59740
59741
27869
53667
53662
63177
29279
63175
78373
57962
57961
29277
29276
63178
58290
14802
14803
58295
37068
58297
58920
37064
33768
11879
18522
18521
59520
30239
30584
48553
34263
7100
7102
29187
29189
29188
49926
49921
57087
33584
18780
67270
34000
58069
50361
86631
50365
40654
40651
40652
58434
28050
66275
46712
24252
24253
68533
68532
47929
1468
68535
68534
28580
47920
1460
1463
77200
73783
73785
44659
77208
24784
24781
24782
24783
2
5591
5590
5593
5592
5597
69796
79203
79201
79200
79209
72781
50581
50583
50582
73560
73561
43358
43359
11203
11207
11206
11208
43352
43353
43356
51362
32950
32956
32954
32955
51369
29732
65008
61729
88788
61052
61051
61050
54418
60890
60891
23944
23943
70656
82599
76916
70126
82633
82320
2299
14874
2292
2296
2294
51980
32371
8697
42403
16163
42405
42404
8693
14658
17337
56358
17332
57556
53056
39866
39864
10643
63768
63762
63765
52203
61944
64536
81676
60091
20804
80097
63540
53273
63819
63646
63647
21319
21316
21317
56976
22958
56970
84778
22951
22957
4593
4596
70524
4594
70528
44529
71698
44526
44527
44525
11998
53155
79260
5209
11990
57121
54585
54587
54586
62499
62493
62497
62494
78529
54724
33935
11192
54721
37290
11199
33249
62636
62141
17920
62635
17927
62148
62149
3042
3044
3047
20379
20378
34929
34928
87046
20375
43450
44034
44031
40006
83206
44038
72581
1098
1099
61389
41710
81322
29519
47719
28933
28935
6451
12422
15344
8687
30916
15347
27060
48834
50772
50771
3959
55098
55094
30626
17668
8353
60888
41574
24442
66024
61554
61555
65619
55543
7661
32976
38186
22133
51431
73198
26338
4066
81449
81111
81444
69913
5786
5787
20269
28107
60395
19990
55896
19992
32743
19998
51649
38875
52513
56011
52516
38870
4453
4452
4451
4450
4456
57493
953
955
49010
42093
21813
21812
24867
24866
80795
80794
20143
84093
20148
64252
64253
64250
80427
68347
80421
68612
12164
12166
42675
42676
46591
46590
59724
59725
45027
27882
10453
10451
10450
53647
9671
39656
29218
9678
507
71261
71263
71269
37048
37591
54912
54267
59090
59091
59096
47203
29599
26931
49295
50088
37625
37624
37623
43619
68083
84543
84544
84545
1666
1663
1660
83013
67251
67250
595
83014
67707
26688
71481
71480
40636
3387
58417
19455
58419
58418
32222
34245
34241
72018
1403
68557
68556
77882
77881
13900
77229
35190
73767
77889
73762
39583
694
5576
5574
72909
79268
79599
79598
72901
68065
79597
72907
1936
31302
31301
334
337
336
331
77086
333
332
3268
58533
5126
11220
8711
51436
51341
51342
51346
51347
25902
22309
25909
23437
74758
23434
68896
23438
21690
82302
65933
42747
82306
82309
39139
39138
79526
74578
42462
42467
42468
80652
16197
80654
32351
80657
16190
12752
56370
64738
74575
63702
63704
63707
63706
57534
57537
57536
12284
56947
12280
21152
21150
21151
81652
88105
81877
26105
26101
26103
42284
42287
42283
14954
85552
85553
22931
22935
22934
21372
14952
21371
14953
8021
56958
79869
56957
53074
53070
88555
14229
2015
19234
32755
33487
33486
14103
33484
58620
18485
58623
71672
71670
71426
17715
28015
52707
52706
18213
52703
52702
71136
52709
20683
20685
53251
10596
36058
58870
33261
33265
72398
33268
27437
20421
20423
48179
27439
27438
83225
68772
83228
67069
44059
40020
85972
21523
85971
85976
37716
47881
68949
63359
41738
41737
37244
29534
29530
21525
29533
22020
21524
78504
78500
31122
79672
453
454
455
63357
60164
15418
15419
59285
15416
15410
8114
56364
50281
8377
61393
8372
61395
88357
88356
61176
8379
28774
28770
751
49129
77146
86306
77145
81460
77143
77418
86309
77148
4000
4003
43251
4005
3971
19420
51084
19425
51089
3628
75818
75819
55768
81796
81794
81795
87677
57700
11415
11416
11417
11418
14224
51887
51886
51883
38896
60119
85301
80223
74148
2952
77087
15798
46020
87239
48349
20162
80525
87231
16879
42619
42616
42617
42614
70266
59873
70268
59871
22939
10123
53620
29235
36991
10126
29230
49693
37020
54936
49690
54932
37026
63133
49699
21748
63136
71242
62844
6440
79859
78196
26918
25046
78193
49968
1640
68719
68718
82436
84214
77032
68716
68715
40344
44316
40342
40340
45132
67232
29940
67237
29942
18297
18291
18292
2802
2800
2806
19261
68575
14739
62262
14733
28544
28545
14736
58474
3362
28541
76049
34221
30275
30277
30279
6323
76042
76731
46586
72290
79245
46585
72297
79240
79249
34598
43327
14101
31328
31329
31324
31326
43320
51414
51415
18483
4756
23185
51413
12420
47348
14104
61761
6557
27749
48978
61767
73914
27744
27741
15068
27742
25929
8270
73910
19777
25671
25670
25676
23989
23981
14927
39113
9886
355
9664
73527
359
74550
74551
74552
3107
74557
74558
74559
12771
42449
32331
12778
55917
22588
10958
69896
3750
69899
64714
10956
10957
3752
16464
16466
77600
81329
2259
25586
69761
2256
2252
81325
21352
21353
21356
49755
63855
46258
63856
4090
75605
22918
75609
60584
2786
45698
41934
51115
38406
38407
32074
57041
11607
11606
11600
10604
11602
11608
58865
54545
14126
33467
18462
18461
68388
62459
7413
60634
60630
60631
36529
9797
36033
9798
36035
36526
66589
23581
54761
33206
20403
48152
87002
48150
48158
67007
39759
44073
85959
46875
76384
68969
50540
68965
68966
12976
41756
15651
7080
44824
71031
78077
8173
79658
8175
20350
86753
86752
86758
26762
34788
8394
88804
61374
61373
34782
77384
40400
77389
67917
67910
67913
36314
24403
24402
3195
47754
1363
3199
61519
22469
22468
22467
22466
22465
22464
22463
22461
22460
13736
13735
13734
35782
4023
86364
35788
35789
11382
43275
43274
68918
65156
19159
21635
32529
3998
19407
3996
51067
55769
32523
51063
84206
56582
56587
56235
56230
56233
52261
35435
60351
60350
35432
23845
65874
47120
65873
65656
51605
27179
40355
56054
69379
25445
25447
25442
42050
26692
42052
80206
75836
82534
42582
42580
46000
75839
42585
2443
2441
2447
2444
64299
83001
7861
64921
39926
39927
42630
42635
42636
42637
16817
85184
12120
12122
64813
2734
53605
10414
10413
53602
57982
70716
70246
70715
70712
70713
70710
63447
63440
16684
9320
63448
33072
33073
45318
37008
18857
37006
37005
37004
37551
37553
37000
62869
62868
62867
41361
26971
86563
40189
86568
86569
49415
49944
80973
56845
84584
5181
84581
3533
84279
45067
59858
59859
40367
29964
33695
54372
14715
33690
28563
14718
58328
24237
76712
68597
5456
59583
30259
10600
30520
19871
35151
35150
31690
31693
5533
5532
5531
38780
5102
83056
83055
83726
67212
67210
83728
83058
66163
66161
31346
51472
51477
23514
51478
68712
23615
77899
59326
48958
35186
48951
29615
7697
73896
77895
25941
25943
25942
39929
3836
36825
77893
5106
8450
379
73099
370
39175
73095
55244
16667
32316
32318
32319
12712
12713
6145
18897
8110
18896
10970
84874
84875
3204
84870
77598
26499
15412
25617
15413
64844
46491
46492
46493
46497
16485
19308
10805
65462
65461
65464
75442
64591
26142
26144
69740
81618
43048
10803
43040
11598
46274
46276
49775
79827
79826
79822
17284
75663
70011
13449
70014
4531
7981
11621
11620
57069
57068
10623
62474
34165
33442
58847
62479
11975
64330
27965
52743
52745
72910
13198
36545
53291
60650
37376
53298
53299
80567
63874
80562
80561
80568
63878
62650
62652
62658
61850
34949
34945
48420
48135
34942
7324
83269
7327
7322
83261
8371
19877
71633
71636
71634
78277
13420
78270
12956
41773
41774
15671
70902
6461
59131
29572
54745
33992
18624
54742
54740
33999
33998
54749
78016
76508
12481
30753
15456
15457
76501
15459
76502
34410
76507
6463
40796
40790
40793
24394
24393
86730
50242
26707
71682
2384
24904
67560
67978
14505
66087
59584
14509
26251
23289
72621
418
27557
43210
69970
86343
86344
69976
86347
89158
66881
72893
11362
89151
11360
89153
55748
19178
61352
61353
73938
61358
23697
60331
60332
73287
73283
20622
63180
19281
19280
23869
61530
82080
61535
65676
65675
65671
25135
25137
8100
74107
74105
74103
53998
25422
53995
25421
53993
80773
80772
80771
80770
52245
52247
82881
49873
19824
19826
16341
16830
7844
7846
19829
19828
7843
12105
77147
77144
56072
29296
57307
53371
9343
9344
9345
9346
72096
36952
36953
63469
46683
63467
12086
1817
1813
14881
68804
54976
54977
45266
45265
41214
18764
41212
41210
86503
85707
85700
26954
80958
14083
49438
68759
68021
3220
68022
43255
59838
71174
71176
78480
45708
28503
54358
47935
19421
51086
38757
38755
62225
62224
45888
19422
34881
45703
18922
78736
51080
5511
85854
46970
45706
87633
87632
34086
34085
79283
79284
536
5129
532
29906
29908
538
47307
47306
47657
47651
66416
47659
47658
66142
66411
11104
6519
25961
8702
59304
6511
6514
1903
35133
35136
73700
39483
39482
59491
55486
55485
55482
34627
8452
8451
76999
76997
72475
8709
39157
39156
39155
39150
31360
50055
50054
31368
7541
7544
50500
76206
19342
19343
65192
65191
12734
12735
60814
69503
86083
86082
64827
64826
69509
52901
8032
56684
25639
25633
21131
24944
21133
21134
82949
38990
38992
22726
43537
86889
2219
77642
43538
77644
86880
75640
84848
17518
34533
69878
17512
17517
25093
25097
25095
25094
25099
85281
33604
5289
58828
62416
52762
62418
60670
60672
81940
28291
60678
20661
72875
20665
7615
36561
42772
42959
80545
85066
80015
42778
80011
20445
45746
20918
70691
63093
81603
9287
9286
63098
18421
54507
54506
78257
71343
76698
76341
76692
76695
76694
76697
10207
891
10200
70965
70967
78035
63326
51322
15924
34430
15920
30771
34876
26720
27449
2983
2982
24377
14699
68925
47828
68251
47826
47827
47532
47534
35590
67957
67958
40448
35266
40444
47794
47797
14527
28711
79615
76520
30900
77122
73117
73116
73111
73110
11344
11346
84406
11340
11343
50990
11348
43231
43230
32871
89139
89133
29888
61330
83357
35476
70689
30961
86310
30960
46754
23800
2241
27133
46937
25403
25404
25405
15339
15338
16587
16586
32292
49745
49744
42290
42548
12690
46047
82578
39963
39966
17833
63821
16363
16362
7829
32120
19805
16369
63660
61804
61806
26260
64129
85495
85496
75149
63403
63400
84013
84016
84017
1835
3794
56899
3790
2404
4982
81002
2151
2400
45246
45247
85725
85724
85728
44114
1957
14069
58144
14065
49986
3243
3244
70201
70208
73058
13256
13252
18980
71405
71407
62207
28529
58499
5498
5494
5495
5496
58362
54336
58364
28527
70518
20057
20052
13499
18188
18180
72983
87657
83769
83099
83098
29439
510
13495
83094
622
42202
23658
628
28381
15553
87738
87739
48913
6538
6539
73854
8793
58873
59367
29659
71391
31160
31161
18884
29651
29650
35114
29654
72456
72454
55469
72452
55464
55463
8478
88458
8477
34601
34602
73582
7562
44802
73588
24586
50038
50529
50528
50035
50525
31381
19320
19324
84830
88678
88676
9658
88675
58365
13895
86068
26457
26454
26455
36997
24635
24633
75401
75400
65318
49692
65316
26184
22749
26180
26181
22746
69783
51926
16117
16113
16118
55188
63137
13401
13407
13406
13408
41954
2189
41957
4605
11663
24964
55182
221
24962
46453
73485
85264
46459
85260
45187
27923
20602
27925
27927
27928
62432
62435
25216
64372
81925
25218
74315
74310
74311
51062
74319
46234
46235
42979
42978
46239
46989
42201
80527
42970
41407
41405
21337
83953
39731
53788
39738
7369
44581
44582
71368
44585
33407
81169
54716
33153
70944
70943
70942
50553
59176
30174
59174
50551
53435
53432
37234
24035
71097
71094
49841
63341
63343
71099
80911
21519
84355
62695
20435
50009
37722
20432
80916
64555
50559
49555
30714
49557
27429
86861
7793
52846
7795
58776
58777
58774
58772
47801
58771
34918
24357
71897
1039
79185
76327
76326
76328
1030
1031
14324
22829
14549
14540
14542
15494
34452
15492
8667
8668
17893
79367
17897
72667
13797
13796
13799
13798
89111
89112
66590
66849
11327
89117
89119
11328
32856
61117
61646
61642
88862
61115
35498
61440
35494
35490
23356
23823
23352
23351
23828
23829
76813
76812
8080
27119
8088
67238
74419
42566
55692
42561
55691
16564
80734
80733
40343
6648
44313
6645
40618
52202
56252
63644
63645
7803
7802
63640
53151
63649
57120
57693
65766
67725
32140
19863
32144
6399
81705
6397
6395
26240
86290
81706
2398
80193
80192
61599
80195
85668
21219
21218
49619
21215
37531
49335
45514
75238
75239
49336
79961
1850
1851
2170
4969
4966
2178
43618
49472
49471
80993
85740
80990
80996
80995
85746
1933
1932
5128
3264
68066
68068
58161
58160
5120
62599
62598
83774
1426
58470
70770
70771
70773
53339
37393
71138
14222
14731
37397
14225
14227
71131
54319
71421
71135
18210
33368
14737
38712
84399
28540
38925
9670
20032
20037
34840
83562
22797
68682
85818
41613
41611
48705
15793
30278
87679
21625
59697
59695
71029
44391
44390
29415
47619
79794
23109
23106
63784
59343
63787
59347
32628
8271
87717
26885
26887
73831
39449
39448
26882
8102
10770
31149
31639
31636
31630
55442
55441
78824
55444
67855
8410
34665
50017
44822
44821
35392
50545
50544
50547
50546
50548
9801
66454
88223
88651
22506
61456
88657
61105
65152
61100
26474
26470
52948
26479
58226
55231
86041
18559
69817
24958
69814
32444
14677
55233
28100
32449
38954
22762
38957
22764
51979
38953
22769
75425
82906
35538
31858
51974
43571
31855
55227
19302
55222
16175
55999
19309
55229
38486
75680
60503
60500
60501
85240
11688
11687
46432
27303
27302
24908
24909
69105
69106
81903
81902
69109
69108
80051
16790
74335
74331
42739
12087
12081
49282
42732
42734
49286
42736
87088
87089
87080
20950
87082
20484
83978
7340
7341
83977
62901
62902
54813
33171
62909
33175
33174
30488
30489
30483
30486
30487
30484
63367
63366
63365
63364
9020
63368
18687
18688
24010
49861
68470
740
741
78951
26835
83354
67624
67625
83350
50229
24333
86266
24338
2943
5356
5355
47861
5359
68211
27313
31287
31286
31284
27310
27311
67444
31288
54104
11045
14564
37872
14560
24487
24486
37878
30890
62013
48061
24932
30736
30737
79302
79300
86901
27919
5743
66860
66867
61664
61660
81916
61663
81919
47743
67172
64430
51685
51684
71431
15216
5261
82755
82754
82753
16543
16090
16093
16540
58657
16544
84970
88221
6660
88224
6665
10879
52889
56502
52887
63621
19842
16897
16320
16328
61840
61842
65747
21050
21055
21054
52089
87097
43900
43903
77170
81228
81224
86900
2373
21237
21235
21233
46370
21231
1872
1871
75748
4941
41858
45575
79944
79941
41853
79943
81048
53132
53137
81042
81047
81044
81045
14022
54482
54486
17054
5109
17052
17053
68049
17051
62575
1910
5101
62571
1914
1916
59573
13215
13217
36394
36395
36936
882
33618
33345
14322
33340
34864
20545
20016
34863
20019
51090
15105
83508
9885
36648
36649
44158
40102
51096
84410
9880
85833
87694
26871
87693
87692
57814
57815
69832
29478
57818
34770
71444
40812
40811
8257
72149
8253
662
660
1911
34399
59414
8780
8787
8786
8784
1912
29698
73810
1915
29697
39460
77841
7613
37114
37111
37110
78796
34136
34132
34645
79440
72490
72367
67877
44849
50569
44842
50563
44846
23161
23163
47634
23167
23166
23169
23168
87999
61123
87990
73252
69877
69879
8512
4129
24679
89099
32422
55422
32424
28120
38935
31870
36426
31873
81695
50861
81692
11519
11514
11517
11513
11512
27095
27094
51749
51216
51217
51214
51215
51210
5974
56779
17202
17201
17200
56770
56773
25031
25030
85221
51899
24928
24929
65353
82252
82253
46147
24927
45498
45494
85598
80079
42715
69898
85594
80075
36896
36894
70187
36890
70189
70188
55126
9595
21170
33111
33113
33115
33119
71322
64551
84171
84173
47221
70459
10261
10266
53477
70983
70981
70985
52014
63389
2079
63382
3546
75000
24072
21553
75009
24074
68188
84314
2967
2966
44452
2960
40716
40711
34415
71584
71583
79146
62385
68984
79143
5375
1077
1072
1073
58735
28452
78636
77983
14589
14588
33805
14581
14580
72801
72804
72808
72809
17854
17855
15986
66800
27724
51515
51514
23570
61602
59067
61607
59063
59062
61609
27662
27663
27660
28805
28801
28800
74639
72776
76850
47151
23316
31877
47155
15234
15321
24320
73179
35723
73171
74181
6439
71844
6608
6438
88758
56563
41672
46926
56567
56569
63583
50605
60959
50603
69466
69465
69463
50609
19532
85536
29473
29232
75588
75589
65725
23399
47859
77720
43383
49078
10482
46353
21967
8108
21787
42385
42386
49126
49652
49650
47851
3738
3737
56388
1892
45559
4925
13587
79922
13589
45552
41875
41874
57166
43651
43650
43653
43654
43656
58129
58128
58127
14002
54463
58121
43096
20786
36407
2782
35674
9696
13643
9690
13642
84786
41264
41935
84782
58383
49073
14917
33324
10706
55785
48295
36663
83839
36666
36667
83835
78947
83830
83833
80333
80332
31959
31958
1795
77792
5260
48746
70848
40381
40835
40384
83781
40389
18250
18252
78408
18256
18259
18258
71462
71460
15537
30674
15533
6596
30856
76444
76445
8238
18214
59389
35051
76111
59478
59479
59470
59476
31673
49076
7639
7630
15514
9946
9947
88927
88925
88923
88436
40526
19025
19024
79333
55658
13514
63457
51330
1536
39688
1533
1532
1531
3095
32902
11798
29696
63100
9317
4103
4104
85460
73692
26431
39681
16212
54246
24695
53637
79467
28148
38313
38310
38311
28143
32403
79469
79468
73342
73345
73349
33065
49689
51235
11539
11538
5959
11530
51239
11535
88697
82495
82496
88698
21756
56718
64642
21752
34644
85208
85209
46161
85200
85201
85202
85203
46168
85207
75970
75972
82278
82277
69149
25275
6393
69145
64394
74371
74372
18657
9799
46290
36032
26347
21063
10062
36879
39797
39798
70615
33137
33134
1990
62941
54391
9065
10288
44298
10281
49820
24051
21575
24056
49828
49829
87000
75027
22848
3565
22846
20400
20999
20994
20996
41465
20992
64546
50564
2907
2906
64547
707
701
40735
52517
49525
81393
76611
5319
27704
64019
47633
71704
31242
31793
31240
31794
31796
33869
18068
18069
148
28797
86944
33863
79698
79694
79695
67660
83313
83315
83317
83319
67669
66535
66532
51535
59042
59041
74642
66701
29156
23883
23885
23888
74291
8574
82063
88594
88593
8572
82069
88598
12578
12579
15252
15255
35967
31425
39239
7408
35744
39236
55367
19087
86027
51395
55361
16507
19734
51398
16053
19732
88771
44305
86028
61084
6627
26597
84938
69442
84931
52845
56541
24734
60979
60978
24732
50625
65707
65257
19888
65702
19553
61888
19885
19884
22061
75568
22064
75567
75564
75565
86942
14707
86940
77708
77709
2337
2339
77707
77701
25481
32903
25487
46339
49109
46622
49101
12977
79909
17671
60289
60288
2489
4677
4676
11705
63959
5149
5145
120
121
60020
60751
20769
52662
17013
17010
81888
70288
36466
53822
52577
63485
63489
80132
45824
48505
34828
34821
34822
34825
20505
41288
44664
44666
22789
83816
83814
54447
48761
15735
41104
15738
53535
10547
70868
70862
63226
63223
72619
29301
33301
33302
14281
14934
14937
14938
18906
18270
30653
59907
59455
59456
30654
30875
30872
59908
8216
39422
54171
68376
37151
67341
67832
67348
34174
86161
40505
11148
76134
76135
72105
72104
72107
72109
72108
88322
35081
49053
13810
35086
28160
28161
28162
58789
15359
34684
34685
27096
88900
88902
18562
55172
55170
65171
35224
35227
35221
65172
35223
35550
73414
33722
56486
56487
11551
53359
43082
43083
51252
32687
51259
58150
31721
87955
60569
60562
64660
27364
46104
63618
63965
56775
48035
82211
16888
16266
32027
16264
55826
51872
32023
32021
74397
32028
51879
6011
6010
6012
53552
9262
9261
9260
9265
9264
980
1123
11840
63031
24116
58889
12396
12394
12393
88805
69163
64442
64441
64440
26018
26019
85626
38059
9089
21596
21597
21591
38536
84688
68146
68411
75042
75044
68140
68141
2670
2677
18591
18595
82256
30460
82257
30920
38651
26846
38655
13049
67543
71724
86418
43915
71721
78676
17813
17811
17816
30791
30796
30797
48969
87170
81216
727
29794
29796
29797
29829
61778
728
67131
61779
23536
1161
1162
1163
23538
23539
89196
66514
48070
31226
31228
29171
29720
47194
9386
12805
8556
15275
8554
8555
8007
88571
65892
23315
29724
39215
50398
50399
50935
50936
50937
55348
16073
55345
55347
55343
84910
22664
52868
10899
26574
69429
10897
26573
24713
24714
50642
80078
75541
42243
73060
69399
31915
86219
81240
86962
86215
77764
69951
41844
17388
17389
41839
41835
56837
17387
57614
43698
57619
7889
16383
51116
51111
51110
17032
20740
20741
72071
62514
108
60007
60005
64054
100
107
64052
64053
74237
74236
74230
36334
74238
36330
46645
46644
80110
21928
45666
45667
45840
45665
41349
87369
41347
41340
41343
10383
10382
83878
10389
80375
7266
6206
54428
42127
41168
59611
59617
41692
15867
41696
15711
54470
10567
19405
70804
78442
20797
24157
78441
49783
78448
77938
49789
20795
8834
8836
18926
18924
30638
83296
59924
30633
52619
68053
34339
52530
65894
68350
68606
68600
68602
29585
29584
29587
29581
29589
71795
24521
50090
58527
47694
58524
66182
58528
14402
76400
1579
1578
76154
34373
72127
79716
13834
50896
50895
10711
66988
66989
65890
5624
5622
31976
88966
38353
88158
72384
73479
22011
73477
35066
23271
47030
23273
11575
47039
57397
51271
22271
10486
53873
25058
25054
25052
6782
88382
6786
82239
46124
46125
27382
23231
56131
65657
57260
51850
80585
51853
12006
12005
88033
81183
64871
81188
57408
57401
57400
57403
42862
69897
21604
7495
23010
81760
45473
45475
44789
24091
42800
44782
44780
24098
75007
75067
75063
58068
22806
58062
46874
75068
45781
38512
10715
78530
70128
10712
2698
70124
2694
53729
54985
14650
71299
71295
78385
71293
38631
38630
62893
62890
72175
80306
36162
36165
44253
83461
54185
54184
33539
54186
41576
27817
61015
27812
17830
17831
79389
38183
17836
67114
67111
67112
67118
68187
44434
44435
29773
1142
68833
87981
23513
47202
23515
47200
23517
59006
59005
59003
56564
27603
44453
77967
42588
47074
78654
31755
31756
72246
76216
76213
85667
76219
76218
8020
88550
88557
8024
64527
42581
15314
42587
66573
66575
66577
15318
55321
52802
22398
10509
8183
52804
52805
79631
22647
22394
69408
13991
60938
69401
4288
69403
77296
69405
60930
28647
66796
22024
22022
47849
86230
77033
73045
31978
43324
4752
43454
56905
43323
4757
5873
32253
55637
19774
5874
58733
56670
3751
5371
7860
3754
75297
2192
4630
60249
2199
32070
57672
83735
51131
51136
51135
71105
52118
52117
52111
52113
13298
66885
36310
36313
60793
64033
64030
64031
31940
85455
85454
6195
46664
46663
46662
49141
20098
45648
87349
45317
48234
48230
78936
10369
73033
10366
83852
16902
16901
16905
16904
80396
80390
12211
6226
6227
12214
54400
12218
54405
70823
70824
59631
23662
53579
10501
10500
24173
24170
18946
76589
62793
62795
62794
62796
62799
76588
59946
58851
40099
80826
40092
57980
26820
40097
1770
58678
68339
68333
68334
84491
83149
58674
76580
54270
24543
55665
11108
73927
3035
11106
28346
11105
34312
34313
8707
30344
7606
76172
55660
45949
35048
48751
1920
31569
16203
77856
55511
66963
55842
55513
55139
55131
56644
9636
88942
35262
17376
23259
87916
27018
82438
18858
6429
21721
73670
72504
55794
55798
28430
6769
73905
56110
56447
56444
80570
16736
16738
16739
12024
65684
32069
42799
228
224
32067
32064
32065
88058
88059
16188
88051
86397
81164
81160
81163
40180
49556
21627
49550
38111
63078
63074
21629
63071
49082
84672
49085
45413
64959
64483
81702
2503
2502
64484
46506
58046
46505
58041
46500
58043
46859
58049
52567
52561
52560
84397
5048
22827
52568
60470
38570
60478
57425
57421
70103
70102
70105
14679
14678
18556
58229
14675
33736
58958
54212
38617
38614
62300
87289
83442
23173
87282
87280
30424
44237
44239
21648
1521
33558
18771
10091
59795
48060
87134
87136
87137
41554
72884
72886
29754
67170
57931
10199
31952
67234
71508
72086
72088
1122
68817
1126
25881
25882
30284
15104
59578
30280
28802
46174
39560
78103
31778
31773
34055
8042
8515
8044
79509
88537
8511
72264
67797
67790
79437
35903
24289
80636
4115
28082
47222
28080
66224
66226
66553
66220
22624
22626
85465
85466
26537
7983
64978
24757
24756
23311
28663
77500
28665
554
57225
23398
26420
28880
61248
75502
61241
61245
31957
4774
35675
35673
43175
77016
552
13649
43300
43306
43305
5818
51482
32908
16038
32905
14714
5812
55659
51331
19752
5816
28561
77639
56879
52359
17610
14241
13500
4615
23933
23931
60623
82377
30895
33699
82378
51156
60047
64011
69024
60044
60042
141
2701
52170
73178
20870
69029
53880
36376
53884
42304
16696
74271
80156
85473
85472
52547
17155
53088
53085
53084
10345
16961
16963
63791
16965
53225
53224
10525
10522
53551
53222
10528
63533
63530
7614
63249
14992
14990
14995
37425
37424
37355
37353
37352
37351
37350
48217
48210
45331
45332
86415
26847
44572
67091
6607
67547
6974
67545
67096
30746
71975
71972
5252
31930
15919
40212
14337
56562
14332
11128
4256
3012
34338
59961
59965
30361
34337
4189
4188
4183
4185
4184
4187
35064
5663
89039
5660
5669
9384
67321
33712
67899
61130
82482
61132
23239
23723
23230
47072
47075
23726
15313
48869
15315
42994
41561
82413
87423
87420
87421
73613
73615
73618
6747
6740
72525
72524
32592
78935
83057
67215
35242
73924
9957
9956
9951
83052
16200
55514
19254
19255
19924
204
32730
19927
16208
83050
50004
12042
88073
88074
77464
77467
56791
77461
75133
81145
21646
49538
49539
85396
23270
85395
75319
75315
75314
75311
75312
81726
81725
81723
64970
26079
2529
81729
81728
57223
11466
43178
57224
57226
43174
57228
43170
43173
58021
58025
59231
68128
68129
17151
46158
8272
38803
52545
17154
68120
68121
52548
68125
17402
25187
13319
13313
60453
9576
9574
10755
10756
58799
11808
5394
33713
58791
58792
58793
58794
58795
33715
58797
20119
20115
20117
22739
23610
83425
36128
85640
80457
80454
85643
33245
44210
44213
84519
58516
68788
68789
68784
68785
68787
68780
70784
70781
70780
70782
41532
41533
27581
70789
41534
83398
39602
46170
29737
39605
29735
83390
83391
83392
44778
10077
71569
78341
78343
34297
76785
68870
15128
72063
72061
27583
62228
59511
59510
59512
59515
59514
59516
31713
24127
31719
26985
26986
77924
7152
7150
37656
71788
49656
78693
18759
78166
30007
30004
8067
8063
8061
73898
40667
29731
40661
86609
50338
2894
50335
2891
26677
2893
50447
1106
85225
23004
47249
28060
22351
71428
77252
77251
73007
77785
73004
77780
77781
77789
4798
43369
4796
35652
5837
89208
5830
5831
89205
55679
61000
65037
21972
61009
56639
64784
56631
56632
79985
25379
79925
74783
74782
65965
27205
65784
65783
82603
72065
44393
43583
51426
81807
81802
40596
74257
89140
40595
42363
43451
75786
75787
75784
12780
75788
28464
2778
10323
33975
10326
2770
4897
36882
2777
16415
16411
7978
7974
7977
7973
9497
12252
21183
21182
21185
56766
52155
52156
70318
70317
14005
46955
19146
46957
63519
63514
63515
63517
21329
21459
26989
75126
75127
22985
841
75128
848
26984
45357
41329
41321
80867
80865
1581
80863
85487
40059
23720
80868
71959
71952
1739
51290
68662
68661
13125
78577
78575
78572
37650
3070
54008
14315
54007
14311
58583
54003
27446
88140
27444
27445
20322
20323
27441
27448
17954
67521
83982
83989
30006
66926
66927
31522
30005
55360
47582
85921
47584
59186
59184
12490
40580
47055
47721
47723
23210
23748
55841
28298
82165
48804
82162
30009
82169
59239
12411
12410
12412
12415
30924
59232
12416
87696
31030
31031
10979
50839
73631
9691
50788
78914
3927
77599
74064
8307
82290
88895
82296
88891
72541
10299
88898
8308
73495
56407
73492
87594
9939
69568
9932
50169
9936
9935
19275
32716
19277
44289
88096
6090
6092
88092
88093
12066
81120
81125
46821
43774
69564
50443
65577
21844
65579
21846
46822
24832
49040
75333
75335
2542
26099
24048
3580
58009
1100
5004
5008
55243
52529
17138
75015
52520
17132
52527
58431
36721
36720
36723
13333
4423
4420
4421
60436
13335
13334
36668
53924
58914
20139
20138
20131
20130
48395
20134
46894
42644
42647
42641
46891
42642
85115
48027
77623
41045
45011
27872
19411
81615
48029
44492
57978
63161
29710
57973
77624
57977
33772
54254
37096
37097
37098
37099
8939
34274
76017
34273
59538
86597
1696
1692
33598
1691
33596
1698
33592
33718
30029
30025
30027
12883
44940
86625
50311
50313
66261
66265
66264
66269
24241
82173
68852
28048
68854
23021
28596
77275
31191
13932
35074
27
28
29
42933
72224
35071
35073
42936
66483
66482
11279
32941
32942
32947
23685
88795
87876
65011
60228
64766
79820
60221
77787
76901
76902
51190
22088
82627
61283
65906
69068
69069
86833
70013
80660
80666
51999
51998
88131
61832
39852
39850
10659
70083
57568
6738
6739
7913
63752
7915
63751
35657
10629
78621
72163
181
26131
26130
185
63285
63283
53596
53266
49252
63579
21306
46975
49705
21308
56965
56964
56966
56962
75107
56968
22961
2751
29297
71685
71935
72970
13255
80885
80884
71688
10403
5212
5210
5219
62481
62480
62484
51318
70337
13104
13103
18654
71061
37280
9339
78550
18308
28459
3058
51312
14373
14370
14371
67723
14375
87057
45955
45957
20300
45952
62041
67058
67051
40079
69368
64780
89078
66902
89073
89072
41700
17753
15680
87058
29052
29501
19269
29503
47702
47700
47704
66012
28902
30906
15427
53297
87466
87467
15423
15422
87468
34488
34489
59254
31053
50768
31054
50767
35023
35022
35021
35020
72566
72564
72563
72562
82212
55737
3943
3946
88309
8325
6705
73966
73968
22179
56422
56423
56425
24476
24473
24479
61545
55889
61540
61542
55882
55881
55885
55884
4055
43750
69908
4051
81107
81457
26302
26303
81452
43288
3610
3612
3613
3615
75359
21824
56288
56285
51508
20021
5777
11422
65966
52055
17440
52505
17442
17446
60147
60144
38846
38847
967
36707
36706
36700
24814
24815
24811
80277
24818
80271
87264
62369
20152
87261
48627
41287
84081
62361
87268
64249
64240
34944
81808
81809
80964
42664
42884
42883
85177
42881
45033
59732
87196
87197
87195
45038
21672
29265
39644
10463
63140
71211
63148
18539
11848
33027
54272
33750
30226
30227
30225
34256
34255
1613
39500
28814
39502
66729
49934
74625
74998
37619
368
1679
1677
83026
83024
83025
67261
30042
30040
30041
83028
67269
50372
21982
50374
29992
29993
29991
71638
24269
47937
58422
14746
14745
33651
24261
24267
58428
1418
64968
72020
76843
72025
72028
68523
77213
77217
77214
15676
4208
4201
4207
28002
38270
38273
72977
38275
72972
38276
31315
31310
35341
303
73515
305
11213
11210
67546
51359
51358
51356
32965
32964
32963
51351
51350
22311
4899
10324
82317
82316
82314
65920
65299
82648
78895
82319
10329
50902
9507
2774
42414
74568
9504
16186
32345
80648
16189
12749
12744
64741
56368
56365
28145
56360
7931
7282
7933
7932
7935
7934
7937
7936
7938
36664
57013
39876
9101
21145
21144
21147
21140
21142
52192
52193
78582
33225
64032
18623
81660
81661
33223
18625
21369
21363
37442
21367
38472
38477
56946
79850
39114
3422
75161
3426
17583
70536
2007
4585
2008
4583
4582
14176
14177
14172
71667
14178
71912
71662
11987
60605
60609
79632
10582
70714
68761
33923
11187
11184
33927
71001
71003
18678
54738
54739
41494
51237
17919
17918
17915
17913
17912
9833
34938
87030
34932
27404
83239
44045
40017
44049
40018
67076
68955
1085
1084
68951
68950
85966
47898
11536
12987
12986
68764
71479
29529
29523
29526
79667
79660
47092
47090
445
15402
8698
8695
8694
15409
846
82124
8690
82126
21325
39314
39317
21327
61386
61385
61384
61382
61381
19183
55711
72586
88328
88329
72583
34757
34755
73986
73985
28926
28927
28920
28922
83732
28929
61562
22981
73185
43739
5796
5790
19458
75809
75808
82873
81783
81782
81785
849
60387
49567
57713
57719
19983
19233
32754
19235
19236
32757
19988
52077
52076
56000
86950
13377
13376
4465
60163
74176
85373
49003
21805
49009
42060
71510
48359
41268
41267
45589
41262
45232
36180
36183
36182
44009
27348
9066
16849
12172
42601
46584
42602
46582
42604
70275
70276
59868
59865
59866
59861
59863
59862
9667
9666
59310
9663
36981
36980
29209
9669
37057
37050
63124
21778
33005
33004
7138
26929
26925
26921
78180
1658
27844
1656
21792
26694
26695
26696
67714
83000
67713
40609
50358
2839
21973
50355
2830
5407
1434
5401
5400
14724
34231
38788
76728
34237
38781
76724
35181
13973
73758
13974
13977
77230
13978
77897
77890
73756
73754
18112
18110
79581
79582
79278
37084
72912
79270
8595
79276
79277
31333
31332
31339
51402
13574
4666
38095
31157
71044
23424
23423
81394
76940
76943
9894
39124
9897
327
77092
77093
328
74814
74817
74816
76792
16612
32323
55967
84847
84841
59508
64893
64894
64727
31153
57150
63710
16474
16473
16471
63715
89150
11363
21169
61974
54005
75492
75491
75497
75494
75495
51048
81649
81318
81316
64093
64095
81643
42296
46241
46240
49747
49748
85523
85522
87077
21348
75636
75635
22927
75146
367
87071
75638
75639
4871
4870
60592
79874
38410
38413
57034
10612
2793
2796
70517
14113
14114
58656
58659
33499
18470
18473
18472
52716
52714
52712
68399
68395
62998
68393
68392
68390
13140
60622
13142
13143
60624
37660
36515
18618
18613
18612
20434
27423
7778
45916
38061
38064
67010
83252
83255
83257
83256
4035
44068
44066
68973
8079
47569
68970
68974
6179
15644
12961
12898
29017
29016
29012
45340
71026
78514
78515
78048
71028
8105
8106
79647
468
79644
465
1350
460
462
63499
63498
15392
15395
26773
26772
39338
39337
70537
8361
5112
8364
8367
8369
61366
61361
61363
61362
33875
53498
53499
53496
28940
28761
47749
22101
22458
65678
77173
77171
26341
77176
77174
26348
43247
4015
4014
55771
55772
51095
19434
51099
72900
65456
52274
14236
52273
35425
60366
73257
24043
73255
23854
23856
65323
23853
27164
65627
27160
27163
65623
27168
38886
38885
86999
86998
46460
60108
46463
25105
36228
80236
80234
75024
24858
49029
46038
42043
42041
46745
42597
87229
48378
48373
55636
45216
48375
58517
57190
75986
42627
42624
42621
42620
47722
42629
10130
59843
70259
31237
70700
70702
63106
57999
57998
9319
9645
9647
28299
57997
9640
9311
29227
49688
33064
21755
49686
21750
21751
71256
71257
41244
26904
26906
26907
40192
77631
77262
86572
3215
68706
1637
26504
49970
41647
84599
41025
45070
84593
84592
84597
84264
2817
40370
40377
40376
2812
67223
29954
29955
2818
67224
29951
54365
14705
702
14708
62277
58468
62275
62272
68567
47970
1184
62278
76708
59235
51761
59237
35168
4249
35164
35165
35162
31133
35161
12417
5527
72282
72283
72286
72287
79256
79257
30082
30080
24552
35307
23199
51467
23196
44168
23193
6544
61777
87819
6540
87817
87816
48964
87814
27750
48961
73886
16834
73888
74706
78854
78857
76968
14926
73541
33315
342
73085
19377
14921
8803
19378
61192
6156
55902
42454
42457
88896
84867
4529
10960
78435
69554
71477
69880
69881
64870
43377
21103
21104
16490
65471
65470
61993
61991
6585
7992
8209
77618
2263
81626
43503
2265
63849
23691
52484
75615
75617
75611
52489
73493
79816
11632
11611
63342
58852
18459
18458
58854
58676
18451
11945
18457
58672
54550
27992
52739
57302
62467
62466
62465
36535
36536
36533
80575
63591
54779
62643
84673
84670
33217
48145
48146
48143
10092
39744
39745
10094
60665
76391
76392
68917
15663
15667
15665
15664
18636
67661
19276
78063
30744
12493
15444
12496
8168
79625
79624
39355
39354
86744
50256
50253
50252
58358
61348
34799
61343
61342
88366
77374
14887
42926
404
400
23297
23296
63865
22471
63867
43265
4033
43260
43261
86359
86353
69961
89141
80558
11378
11377
11373
51079
19410
19147
55752
55023
60344
60345
73273
85704
56226
56223
56592
32794
32795
30862
27142
27141
61521
27144
51613
61529
60122
44688
56043
56041
11151
36235
36234
42020
74139
74130
74131
75843
75845
61293
75847
73816
7852
85195
85197
7857
7854
39913
85198
39916
72174
61837
61831
23159
52032
46096
53346
10401
53344
53614
36496
10407
10409
70727
70726
53349
9626
9625
58991
32872
14891
14890
48313
45278
62872
62874
86517
86516
86518
49406
49407
80969
49408
68762
58198
84244
3237
3234
5195
58197
1610
13265
74615
78496
78491
78490
78493
14272
14271
14270
58332
14274
54349
58338
58339
45891
78262
68585
30248
82065
30247
88591
31115
5509
5505
18157
71173
38291
78481
38297
87609
83736
83041
83734
546
67205
67209
549
23605
23601
48946
48942
59316
59314
87743
87742
87747
87744
73869
7681
73865
7689
32497
32493
32492
3581
23469
10212
2769
32499
32498
8444
8447
72404
65988
72407
72401
31426
31374
31373
31372
31371
146
366
7534
364
363
74589
55255
33977
32674
16125
12728
12726
12724
84809
69575
69576
33976
64851
69572
77581
10985
52932
10980
52930
65325
65320
82953
74915
24957
24956
21123
24950
65459
65458
38987
75454
22738
75981
75982
51396
81600
81601
81351
81604
19085
31803
64588
31808
16506
75184
75185
75187
33236
46203
46202
21386
21384
79831
79832
79834
17294
17290
75677
17292
36724
70004
88772
57079
7991
11527
7997
11635
37970
85299
5298
62408
5295
58835
5290
58836
6626
64324
60664
20659
52752
52753
17745
36550
36551
34409
42924
85072
85071
85077
80556
85074
85078
80002
84657
48129
20470
48121
48126
20474
20475
9290
33455
11966
9557
33452
78264
33458
78263
30186
12923
30183
12928
76375
53404
10210
70910
70911
24737
33230
33234
33987
33984
78004
78005
15932
76519
6999
15934
30769
76516
34403
34400
40787
40785
40780
39378
39376
40789
21441
2990
82460
68245
68244
48648
47838
47529
47836
47830
67947
21447
50181
50182
50185
50187
77353
40436
77357
9997
14515
38176
72877
38175
79602
79601
38171
72659
423
72879
424
426
77137
77135
68243
21011
51055
66898
32800
19163
89120
66895
88830
51580
55006
51584
60326
60327
27403
8258
23817
65668
65669
65660
82095
65663
27127
42640
25140
86943
64130
60497
74110
80765
80766
69624
53983
53985
86947
46077
42554
42005
81265
42550
6699
6698
52237
75867
82547
82544
48934
39971
27877
80872
16820
16822
19835
16350
7831
16358
12110
61812
61811
6344
6347
6346
6349
49846
56066
17198
52584
83860
9601
9600
44015
57336
9607
40066
37564
46697
46695
27878
37569
75241
75240
84005
41208
4997
48339
45256
48335
48331
4999
80940
80941
80945
80946
85711
86537
86533
37692
37690
6517
49422
3258
72651
68037
68746
3257
49102
59805
59804
71162
71163
29719
44342
79352
54329
421
58318
58319
71908
5468
28534
47781
30514
30515
30511
20045
30513
38761
38760
62237
36617
36618
29713
33693
78746
79293
57976
85842
85841
40845
40844
40847
40840
29914
40848
40339
1234
23660
23661
1238
66426
27713
27716
15032
59370
15030
6500
59375
6506
60281
35121
78810
55493
23486
23484
23485
23482
88991
72469
34617
34614
72463
82393
39140
73590
73592
62642
35690
50046
50047
7556
34271
51931
83944
84825
52917
22287
22286
52919
84828
60861
60860
64830
69516
26448
32803
26440
24623
24622
65302
24978
65306
24973
46197
22755
22757
43541
43545
31825
31828
77655
28440
17508
4505
4504
4500
4503
13473
41942
2088
2089
2081
2086
11659
11650
11651
20319
85273
85272
27954
45948
62422
62421
62420
52663
81954
60686
64300
74304
74307
74309
36575
80028
75937
46221
80022
85013
80532
85015
80025
80024
45756
53391
45755
45752
20909
83943
70688
53790
36467
63086
78246
63081
78248
78249
54511
54516
18419
18418
18417
76688
59141
76683
76681
76686
76687
12900
12730
53426
70972
70970
70976
70977
70974
21505
71080
21507
21501
49853
21502
78028
68482
68481
83367
83360
83363
30703
50216
50219
50218
7784
7782
14682
66307
8017
14681
24366
24363
24361
68263
79196
68261
79194
68267
68266
68264
1007
1000
77335
40450
8015
14539
28708
64868
11011
76539
73108
77487
77480
43229
89103
11334
11339
43226
51032
51033
51037
61655
61651
2949
28873
21584
74688
11484
11483
11482
11481
23838
76824
65330
82702
76821
72046
21582
68856
43487
55687
74469
28042
25418
82561
12682
36688
12687
21880
42576
10826
10824
10825
10823
10820
52215
7813
53166
57137
63659
16374
32135
16376
63656
16372
4495
69300
53987
26279
63437
57358
85482
9371
9372
53306
32915
49626
56885
56882
79973
1825
1821
1820
1823
81033
81032
81031
81035
2416
2419
41883
48187
4970
4971
2148
49994
85739
49993
77645
49999
85733
68014
68015
1925
1926
1927
14053
41107
49444
84289
41084
41085
84282
84281
82548
84284
36900
52232
70769
70767
70764
70761
14237
14944
14234
14233
14940
14943
71416
71145
71146
71415
14949
12408
58372
5484
58374
58375
20028
34859
34858
30574
20020
20022
34853
36633
36632
36630
44100
83889
83884
83554
83552
83882
83883
52132
18198
18199
59245
18191
48717
48716
41620
68
1985
83084
72221
87642
87641
83089
59687
29398
29399
509
29427
83770
29392
48908
48909
15542
15543
6526
8264
8265
87702
8263
73820
77817
73825
25998
73829
73828
25993
51093
8276
41971
31628
29642
29643
29646
57850
31623
31622
72445
72449
55471
8409
34673
8406
44816
50530
7574
7577
70461
79496
32894
9812
44819
35818
35819
83490
61085
33308
22518
52977
22517
25096
69829
26463
26462
64812
26467
86073
26464
28113
24640
24643
24645
28118
8219
65498
43349
8218
31095
82910
82913
71731
69794
69795
9955
38942
30656
59457
32636
74899
16167
32630
5909
19318
31093
56740
3485
3484
53372
13410
13416
8217
32944
24911
11152
85256
85254
20616
20614
62911
25206
81937
9604
80516
16787
80514
80518
54717
49298
42746
42963
42965
48478
48479
48470
87096
48473
48477
87167
71310
71314
78224
71316
71318
7370
54531
33140
70407
70955
70956
70957
70408
27512
37241
78599
63358
37714
18697
78595
68466
68460
753
752
83340
756
755
83344
9157
83349
29899
2959
50239
50238
50233
50232
50231
1025
1024
1029
76337
68202
68204
77319
47987
37867
58830
81015
14558
28271
14550
47982
14556
21322
14555
5
72831
72830
72835
72837
4093
13783
13781
4095
13785
35715
50499
50498
5735
80544
23585
5736
23583
23582
11319
5732
66856
66587
23588
19128
85067
32842
19124
54913
80013
88870
88871
88872
60980
20444
47128
35351
61585
8092
15202
61589
22189
22181
22187
22089
61287
12665
6653
6651
82626
69494
69493
52890
61281
10802
52896
20546
63637
63639
57117
57114
65775
65772
21069
32153
21065
19876
32157
2381
26258
86918
64179
43973
26253
68748
3259
63187
63186
65580
75205
1849
1843
1845
53146
53142
1943
2160
54497
49466
54490
32745
49469
85757
17047
62584
1906
17049
3291
13202
36382
57375
14789
71122
58359
71120
71121
71126
82073
34872
30554
30555
34875
44162
80985
39683
36652
36654
15262
85801
85807
84408
6899
57809
71434
35087
71433
13811
76474
618
619
76471
76470
76472
613
611
616
79789
8248
8790
8243
59408
30802
30803
73808
73806
73805
34127
88409
55181
55187
55185
58315
67849
50000
50001
50003
50556
35387
50555
35839
9830
9831
23111
10306
87988
65168
61444
87980
87983
87982
87985
61441
69804
69800
10653
38336
4139
4437
4137
32430
32433
34785
22799
38927
38926
22795
75924
75925
38766
34784
77695
38581
15559
35222
56482
51750
51209
51208
16149
32388
16147
16146
51206
16143
56762
32205
56767
79897
56764
16514
79898
17546
73411
60530
85233
85232
85237
57582
11695
11691
65347
65346
27314
46159
65342
24939
24938
24937
82249
5370
65349
64437
69114
81913
64432
81915
69110
81917
45177
45175
18173
25224
42232
85587
74344
30774
75696
6637
42727
187
20948
20949
45713
45710
20941
7352
9238
7354
7357
7359
9237
54806
71334
53466
53463
53461
53469
56555
69745
9057
49811
21542
21545
21544
37261
21546
20494
20491
20492
84364
68441
68447
22897
29879
26797
26796
29875
29876
778
83327
24322
2978
42974
71597
2973
71846
79
5363
5364
47857
5368
68229
2980
31295
11051
33834
11058
29912
79335
3129
17849
72811
3121
29910
72819
8659
65719
15995
15997
19540
15993
15992
47829
66878
61218
5757
65248
61610
61613
15192
67471
74644
47310
66705
66702
66700
74643
75101
47149
51690
51697
47141
72768
15223
12502
12500
82038
15224
76863
82035
82744
76867
39242
39241
39245
39248
27079
16555
16553
84966
2832
84965
65392
18263
58621
50615
50614
50616
50611
50613
50612
69476
10864
16330
16880
16881
16887
19856
16337
63617
63964
63615
16889
63963
27865
77737
11325
77733
77732
69618
86938
44530
26236
69614
69616
49662
49663
49664
42398
17686
1864
17689
45549
4938
45545
41842
41843
41840
57170
53126
6502
2103
57178
2105
54478
14018
6507
14014
49483
14011
68058
52612
52611
52615
20790
68050
68052
52618
68054
68055
20799
20798
10489
36419
9
36411
53693
53872
10487
33338
84791
76521
33333
33332
33334
33337
33336
34811
6389
62706
36677
83516
36671
35767
55827
85770
80301
32022
18206
35065
85822
70855
70854
6879
59645
48750
70858
48757
48756
33763
67283
71101
71104
78418
71109
16269
78410
76109
33764
88017
72157
39471
54248
15505
86483
31660
74627
29688
29689
7607
31668
7601
37105
37101
34103
34107
88935
72373
88937
37287
40530
18302
86159
43233
44850
23172
28482
23171
28486
34267
28337
84880
88688
39141
84226
86032
4114
31086
69866
86037
86035
69868
73684
4118
4119
24680
55436
28150
73426
73420
52124
38907
3059
38903
81682
58395
81685
23797
23795
23790
11505
61137
82483
61131
82481
51227
25798
25794
25025
25791
25793
85219
85210
82265
82264
46173
82269
82268
60033
45489
64418
69139
45485
74367
86257
74364
74362
36082
36083
46289
6023
83218
10070
10073
36884
36885
36886
10076
70195
70196
2643
9211
9215
54868
22281
45155
45156
62951
44287
44283
10295
53481
70447
10293
46825
21566
24045
46826
78086
24042
49342
63397
63394
63392
63393
24049
75016
68420
3555
3552
68426
69164
89075
44467
69161
40709
44469
710
26449
24306
54289
86630
79137
1063
1067
87815
70991
70992
13011
71714
86081
71713
71712
71719
33818
14596
14597
14595
20216
20217
76594
79687
62040
79685
76599
20219
83306
83304
83303
83302
83652
51506
23543
23542
5773
23546
23545
59071
28053
25879
29147
28811
23893
23892
23895
23894
74997
28818
66725
66723
65300
25156
15243
12564
35975
50900
73164
16530
55376
6612
61099
10840
52858
10847
10848
84940
84942
29500
60948
60949
68144
63948
74474
12198
84680
75570
12197
2345
26211
77711
77716
82911
54432
73789
43423
49138
49139
46345
21976
49135
46340
49645
49646
21797
56396
3709
79913
79912
79910
31827
17667
17666
41868
15424
13575
81094
13577
43649
11714
43642
57626
57153
57620
54458
87464
5179
54450
54456
81895
132
131
81896
81890
52671
52670
139
20776
20771
52674
15727
52260
60765
9689
63490
63494
9681
9680
9684
62722
62723
62724
34837
34836
48511
48510
45837
44614
7256
36699
83828
36693
83537
25628
63399
80325
80323
6854
41133
6852
41649
14633
83796
70877
83798
57849
14291
33640
58396
33314
33312
58393
78430
71476
78434
59445
6580
8208
30661
8207
39411
39416
31646
31641
16360
14702
88918
63668
34162
88917
86176
40515
40514
44879
11154
14436
14431
14432
24515
72560
24511
23158
32407
72177
1506
72171
72172
1508
23153
32886
23156
47397
77525
77526
22208
13807
3885
3887
79474
72359
55416
55141
73400
73405
56143
56493
56497
35569
11521
30648
11528
43092
58582
51248
51719
61152
66498
66499
65122
65121
25005
25007
64658
64657
64652
85276
40081
46117
46119
32524
75966
75967
27352
75968
75969
65387
69159
69153
69151
64477
69154
69155
32030
88006
6003
55507
66886
42276
42277
88786
995
996
10058
49120
10727
7398
52506
63005
33123
33124
58890
2946
45131
26009
85635
39747
9095
44267
9090
44262
46801
42855
21587
42853
38525
17494
17495
3578
3575
60681
38529
75031
22850
2664
13380
48181
48182
48184
2669
44408
79210
2937
2935
2932
44404
11899
14608
3799
11896
11897
14602
76600
20180
76608
76609
83496
70467
30471
729
31788
9889
78604
78600
40083
54158
54159
17809
17808
33870
28787
87163
30785
27514
30788
87168
27510
81004
73666
731
730
735
67128
83675
739
83679
67121
67120
23521
89193
66529
66526
66837
80530
59058
59059
80027
59056
81455
62096
35896
29169
63881
77950
8566
82070
15264
8562
8569
35953
7471
7472
50436
7474
4422
55671
55357
55355
55354
16511
16513
32202
6631
88767
6634
60967
60960
60961
60962
56550
69438
84927
56556
53791
24729
65246
61217
65242
65718
19543
21002
19547
19544
23440
75556
2320
31920
81257
43408
31928
21822
75735
75734
3767
3768
17399
65590
1293
17391
17390
17393
17397
43663
43665
43666
43667
60294
19895
17025
60036
117
2315
60744
60745
64049
64048
53383
53386
53387
36459
36458
53388
36322
80128
80127
85404
48571
87315
87317
45671
48574
70209
83809
20777
7271
7279
42130
59816
80341
8557
15720
48798
48797
41110
10554
10553
8005
70811
71408
8559
78459
78458
26583
87562
18918
18916
18261
18262
54384
59932
59937
59934
8772
30645
30646
42598
30642
54467
7644
52325
28528
1744
38770
47406
52054
38596
40579
86199
35895
86195
40572
40577
7295
14413
28370
11171
58512
58513
58510
58511
58497
58518
53057
1561
1562
58366
1564
1565
1566
1567
77546
88979
41298
38342
38848
8480
88973
60145
79498
54244
38341
50230
79495
