22748
22504
5259
23991
26130
22466
19711
19710
22463
22462
9389
4027
22507
4023
165
23441
19495
13864
17297
19325
10896
10895
24713
345
8807
19159
7510
22269
3996
24718
19150
3990
25060
16070
16675
16674
16676
21608
11403
12701
6154
6156
6158
10967
10966
13600
16041
6971
23841
2316
6351
10969
25660
5851
299
25668
3681
3773
17655
16498
25289
25286
13096
272
17389
16708
19974
17382
25114
16258
25112
25111
10842
22487
8208
22483
26127
12016
22489
26159
15528
179
4431
19573
25597
16389
17251
7882
19578
15205
17038
17039
2449
9522
10898
7863
24885
22900
21614
22903
106
2516
21613
16819
17874
2044
2042
19012
11121
9432
4819
16817
11631
26023
21293
26020
11612
11613
11610
9417
9419
6375
6376
21928
8231
18453
15209
11944
18344
18457
2621
9639
22876
10383
17729
10381
20155
9634
17721
9325
16921
7264
3511
19110
21727
12235
24870
22265
6266
1436
14627
7511
6808
15718
6806
6807
6804
3998
14628
93
95
547
3207
1620
1995
10096
1997
21432
9937
18723
2073
3209
3532
18920
13056
18924
11664
22815
14710
14711
15669
17828
15663
17825
17824
15667
17821
15664
20258
5057
18746
20253
20250
20257
7072
3345
18633
5052
12491
4258
15917
12492
15911
1172
23509
12496
23503
5533
16900
18141
18140
18143
1280
17126
17755
2340
14403
7188
22953
10500
14372
8726
8768
13834
25596
13837
13831
13832
23555
16881
8386
8087
16576
8549
8547
7204
8541
23616
23614
24412
7452
7450
6575
4383
4380
5622
5621
25346
25948
1373
1375
16570
23299
23298
23297
25940
23293
409
408
23477
23476
628
23470
23306
3839
22476
5995
4033
4032
10880
10881
5993
4036
11572
11379
13604
5661
19781
11372
7522
5078
24708
7524
19149
19146
24705
22278
375
6503
19140
25729
25057
22129
25053
5067
25050
12712
392
12710
396
2309
23870
13619
19301
13614
13615
4727
20383
20116
2307
2306
19707
25615
5840
11284
5849
5848
17626
16486
16485
16482
3743
15846
245
244
920
4624
4625
1090
16719
19964
16717
25435
19961
25125
25436
26141
22493
9763
12213
11152
23233
293
16393
19562
11591
19568
19569
10463
9249
20886
7046
20884
2459
21100
9241
2457
2450
11011
7853
25541
17538
17285
7855
17289
17536
13283
13282
23146
9769
2055
2059
4822
21930
16495
11621
21281
26038
7985
10620
12130
10623
6364
9335
10153
21663
10406
1608
20086
10158
9338
21665
10390
10391
9629
3547
3553
23151
20645
20644
20647
192
20641
16937
13199
16935
16931
13190
13196
14369
4656
8801
10711
6219
6218
15708
3878
14652
2303
14870
14872
6810
6813
6815
8374
9755
14093
14090
20391
19870
9759
7324
13276
19978
1968
24140
13060
5194
1966
10081
24148
24149
18444
18445
18447
25442
18443
17385
26157
2870
18719
15678
20261
7883
17131
20065
20064
5668
26098
7069
20062
11968
5441
5602
5445
5444
18622
18623
18624
18625
21190
1765
15907
6963
15905
15455
15457
23511
1149
23514
8151
8475
18158
18159
24559
5505
5503
18154
1545
12927
11442
23727
11113
11112
11114
24398
8710
543
8715
12928
8718
7197
13847
2386
17250
15166
9988
9986
9984
1787
9983
9980
7563
6337
7442
7446
7449
12660
414
8185
24101
1386
7689
3827
3825
19109
3821
2443
23266
23267
23264
8441
22393
11563
22395
22394
22644
5608
4283
13990
19340
13999
4289
17999
19179
369
22246
22245
365
22242
7533
19351
9255
16128
19355
128
19607
16654
8625
16123
22028
380
10186
385
6179
6176
6175
6172
12722
14985
12720
4759
6774
23866
10986
4755
10983
23863
9964
16010
16013
25601
24601
25607
364
11293
21203
9968
1074
16955
1075
24959
24955
21125
3752
25138
2190
4632
13520
2193
13526
4635
22734
16722
13528
13529
16235
16726
2200
2202
2203
11746
3772
9486
17137
21205
16505
21389
20893
9488
2047
2420
9504
25557
16834
22119
16831
17294
7844
13292
21630
16349
21635
12106
12101
23836
3683
4525
4814
4835
4834
3685
3684
4422
7991
13653
9439
26042
11630
2511
2512
13558
9616
9341
1840
12423
10162
21707
6626
9184
22527
5055
17740
4425
17746
9188
21708
21927
7209
1817
6944
16906
13291
1818
7206
12679
6222
12212
10763
10762
10765
6073
7857
19143
14864
14865
14647
18894
18544
14648
11611
22726
18540
18543
14869
2165
20478
20479
10501
14089
24402
9483
13422
18940
18943
18942
3228
1600
1606
11964
11967
21929
4555
8851
4554
8857
8854
15600
2848
2846
15608
18091
18097
18095
18094
4756
3323
10211
14265
25250
13319
1776
20526
10183
24734
7050
320
20078
9890
9026
18381
15933
8148
15931
19443
9892
15935
18160
1157
15938
1151
1150
8630
18365
914
11109
17393
19469
5510
17997
24385
17991
17990
11102
2991
25891
3037
11107
3032
3033
3034
8701
15596
19064
12262
23673
2993
8031
13859
19922
25896
5605
5606
5601
7601
24129
12851
19924
9993
12852
12587
17599
14512
25962
866
6512
19927
22879
5131
10388
19881
3812
3811
3814
3450
8457
23708
8458
19164
6427
19161
12453
25866
19168
4290
4293
23383
23382
23385
23387
2075
24762
7541
22254
21723
7546
24765
16649
22032
8669
16640
19612
19613
16131
12739
6160
12733
12735
23674
4748
19297
4743
23810
10990
24616
24617
24614
9974
16006
22744
5862
25143
17359
13624
21130
24944
17603
24943
25419
17600
25387
2182
19909
25383
25382
2185
2184
19903
19900
22721
22722
2212
2532
22730
4713
8680
12763
6904
11792
19586
6455
19585
19580
19581
21621
20716
6456
21629
10468
8134
16352
25565
5767
25569
12110
6340
13469
8520
25094
4512
4513
4511
4515
15717
16265
6183
12411
11640
2505
26051
2503
15715
2501
9426
15714
2720
6838
5287
17778
16940
17174
21712
20668
9649
9194
17172
21718
22826
20660
20667
11141
25496
9517
9511
21391
25043
5938
20002
20915
11829
20553
14854
11824
13068
20552
11821
11820
10519
14079
14078
17575
15189
9773
18952
14983
14982
8862
7307
4000
21404
9021
21407
24160
21401
8868
24163
11910
9023
15316
11919
811
19147
5056
5182
18778
15616
15617
15614
17827
2851
12938
2852
1024
17440
3718
7045
5181
4712
5464
22147
7042
1498
1499
5267
5266
5262
13369
14181
18398
18399
15850
18396
18397
18174
20169
1124
14325
14324
18375
11132
15108
24578
17981
17984
14690
17986
2982
2980
24371
14698
24372
15582
22225
15580
21165
523
1014
18088
22555
8730
1234
8517
19440
8045
23665
8048
8049
20959
4195
12599
5672
5673
5674
3955
8280
12842
4355
16115
4351
4353
11002
4117
25978
6506
23064
23066
15947
15816
11557
23063
24280
25870
23256
22621
22620
23488
3804
23485
23481
23248
23246
23712
23713
19111
8193
6434
19114
6431
15321
8198
15329
24595
18052
23394
24592
24960
2249
16108
9103
16102
16101
16107
16106
19624
13647
4777
4774
19167
4773
13641
22284
22530
13649
6421
3063
23809
23806
23805
25628
9943
24620
9946
16039
15784
5812
2243
16032
19023
19022
16741
19244
25402
19246
16213
15786
16747
16210
16749
25158
24970
19939
22758
12053
16584
12054
25396
12056
13501
231
16589
5060
12695
3068
12691
26193
17823
26190
26196
26194
357
25710
15665
3058
25718
25719
9597
18373
21650
21653
17501
140
20879
20702
2352
19800
19807
19806
21090
20317
19809
16368
25572
7824
26067
26065
16274
16696
16694
20316
25086
2081
25080
2087
2085
17189
17019
26180
17180
7463
2530
2536
17956
2535
2713
2710
17764
22031
9360
7956
17162
17163
17161
22830
22831
22832
20255
22834
10346
22836
22837
1832
22929
1834
1838
16962
16967
7926
2155
2404
2803
10684
9593
4989
4988
930
937
934
10526
10524
20902
5385
16644
14664
14841
14667
21824
5211
16877
16647
1959
1958
16876
23344
8870
14991
8876
8879
24110
24113
7311
24114
11902
11903
12306
6905
25543
21297
12302
824
9863
12308
18337
18983
25189
15623
8161
4878
12639
9017
10235
12263
7038
7039
1488
23346
1711
9387
20059
24023
5255
15912
24029
21508
20052
15821
2144
12887
15829
25234
15959
18189
18185
23051
15951
18182
24568
14337
11125
921
25444
13490
2452
14616
17979
10850
2797
18745
18743
18742
18741
1008
8721
1006
4255
18102
8727
1000
8053
8503
12874
8505
8504
8055
624
4180
4182
1229
15007
15005
4298
15003
6533
6530
15552
8299
8298
15559
4959
2883
25988
14534
11015
11016
11017
25980
8614
24615
8612
24293
17884
24294
24295
25562
24174
3872
3873
3875
3876
3877
23723
11032
23721
23720
8471
12472
15311
19101
19107
5717
8184
6408
12478
5712
24587
24582
24583
7768
7769
24589
7525
7594
3909
19324
7719
4760
6746
4765
22299
22528
4766
13659
22290
6748
4164
21436
11241
19880
5809
21583
16020
19741
16022
5807
19256
200
17379
16751
205
16754
16755
24942
6024
7245
12043
12040
16594
26181
16598
836
8452
22741
22746
26048
2239
23901
23907
12687
12688
11791
19379
135
10824
5934
10822
19314
22728
21866
21864
839
21646
21433
21860
21861
677
15383
11426
1311
4575
4576
22725
3654
21089
24706
19810
3651
3652
2527
2526
11661
13384
16227
11464
639
13385
11461
7811
12312
16225
20569
22371
10354
10350
10351
10352
5062
17794
17797
4490
10358
25215
25217
17157
17156
17158
17401
17403
23920
10818
1829
13318
21832
16976
13310
1823
1822
9572
12268
17082
2143
2142
17086
17089
4975
12260
12266
5392
10532
5395
20934
19358
10539
11801
14834
20119
9713
9712
14051
9710
15571
15882
21469
8888
834
2410
4836
18971
18972
21466
18408
20595
12313
20597
12311
20599
13220
12318
18995
11898
10925
7023
25069
27
7025
5488
3310
5485
3312
5483
11622
5481
3316
9397
24034
24032
9392
1728
1727
5246
5241
5240
20567
7597
20344
18579
15125
15126
15127
10543
15123
15942
12406
15941
18193
62
3006
65
7935
14308
26058
20335
1588
17968
7695
18585
7154
4284
18751
22738
9125
11892
18757
18758
403
26059
500
12860
23649
12865
12866
8069
12868
23137
23134
400
8063
23647
15010
9126
4379
7481
6524
5659
5656
7071
4371
4376
8261
4750
9391
25998
16357
25996
14540
14542
17692
14547
15495
1104
1105
8666
1101
21149
20947
1109
4080
4081
23730
22609
22603
15687
22601
8408
23474
11183
11325
7459
11328
8403
23227
23224
23225
7573
5729
11199
7579
7578
15306
15300
15301
19131
7774
7772
18909
3730
3917
3916
5631
25554
12112
19489
13034
6732
23355
4798
8312
18904
11490
11491
11493
11495
4793
18899
5835
11629
5838
12118
18271
22197
9924
12291
25179
214
215
22771
22770
16766
16765
22779
22778
11785
22177
16568
25378
25379
16565
12074
11788
12121
12070
25181
23918
12678
25553
24860
12675
23915
23910
6641
23912
19641
19640
5901
19645
25777
18299
15943
10819
13684
25180
21853
4138
7802
17564
4139
14932
15082
13411
8595
21075
8216
19865
11670
18366
17194
26088
2556
2558
2559
6390
3007
17192
12788
6638
11472
17191
11470
12781
12787
17804
20613
19383
20616
2770
2771
20618
2773
2774
4896
23681
16415
16414
16945
25205
17149
25201
9491
17414
19387
9147
25209
1858
379
6264
12252
4416
1854
21184
1857
20854
17090
20850
20853
4967
4966
17099
3053
4960
14003
9722
9723
9721
20924
3231
22275
20568
21324
5271
3265
20108
20106
5125
19144
20100
20101
21695
3466
21696
7090
22989
5435
21699
21220
20587
12324
11923
11924
11925
11926
14952
6711
18215
18217
18210
20231
10376
9030
13989
9037
20662
10251
7014
7015
7013
7011
1738
24001
5230
20033
24009
5233
1736
11815
3321
11811
11812
25437
15805
15150
751
750
15159
20663
22790
1595
1594
24340
2959
3076
14316
14317
1599
15799
1025
5346
1026
1023
17953
1029
22018
20328
2810
8079
4364
12049
9979
12861
8072
23107
8074
16091
18037
18030
8279
18032
1217
6078
14558
14559
4275
22901
14552
14550
11077
3102
15977
1353
15974
15973
15972
15971
8067
22464
8678
8064
4588
23741
23214
22610
22611
14498
12659
23219
15325
4250
11318
5739
482
6468
9869
18122
7584
7586
15372
6465
9800
25836
4724
6525
24097
13616
3922
19493
3927
22502
22503
14176
23363
6529
8305
8301
6724
10247
4782
4781
23693
10879
15206
5825
4148
5827
19013
4146
4141
19019
4143
4377
22188
22189
16067
3852
3853
3850
5843
22184
3858
16778
16779
22765
16770
18880
19442
19703
25698
13862
19784
16575
6094
17187
23968
4775
16068
12664
12665
23967
14541
19657
16174
10805
10807
10801
21562
25526
199
17228
17559
195
21847
24833
193
25528
19642
6387
3679
25540
6380
16310
19871
4552
3677
4550
18195
2385
26178
21994
21995
21998
16899
23492
11447
10514
11445
11444
2388
12797
17543
2761
8864
1668
20620
16953
25236
25235
26044
16958
9482
15422
17231
17135
17426
9485
21409
6271
25439
4428
21199
12247
13333
1841
4426
21194
21195
6077
6076
12085
2169
20827
4952
7267
4261
21800
14033
1941
9735
9736
20954
21171
20956
24121
9283
24126
10794
5136
10024
5134
10022
10791
3292
5130
3452
855
13205
3451
22979
853
22975
2504
3293
19962
17590
12334
13036
12337
14967
18208
22497
14969
2487
14781
20554
20557
20004
20003
20550
20001
20000
9025
10243
9027
12786
9020
7007
20008
6867
18681
13995
18684
18685
5227
12065
11861
22888
18511
11865
18517
8932
11868
2049
15814
22887
14818
17818
743
15144
15145
749
15148
12066
6891
24330
6892
6895
3066
2949
6896
11186
24210
18331
14497
2915
5353
5352
20315
1058
1059
2917
5359
1696
1694
26173
22556
1699
1278
1279
18771
17304
18283
4319
12884
12885
615
11047
15568
14562
24489
15562
14767
14766
24248
3119
3113
24240
1028
15960
15961
1493
17939
20427
15305
5465
8643
8641
22379
23751
23204
4469
9248
22372
23758
1497
22377
22376
5740
5469
5468
495
13931
491
492
24
26
12409
19609
2592
22
7595
3594
15366
7592
15365
23114
25827
23110
25829
8672
10656
3939
22574
19464
3937
19463
20635
11275
26039
8335
21594
13682
18196
20046
9907
15214
23689
22324
23686
4135
23683
3843
3845
5695
13320
358
17286
25354
19208
22993
22798
178
22791
19204
22793
19206
16543
22404
25684
22105
4046
13328
6667
21710
12654
25758
10878
22083
22082
22087
16148
10871
22088
8375
17125
16890
19517
16324
25534
13010
25610
25537
21831
21830
17233
17546
2287
19687
19686
19683
19682
939
5655
23458
11696
17343
10907
17306
24939
8310
17308
17309
5065
24932
3593
21944
9124
2591
3595
9127
10655
10657
23351
17439
20636
10652
16433
1877
25228
13321
13322
25225
7911
17121
25220
17127
17124
6185
25359
6632
6288
183
6280
19060
23986
185
26138
19923
21287
2622
2623
14020
20949
20122
20942
15920
20940
20129
19603
7350
5109
7355
7357
1910
9128
3283
5107
3280
869
9408
3449
11583
22966
7278
22964
3441
864
2115
13702
17944
2752
2750
25159
10497
10496
12135
10490
882
880
18370
885
884
18233
14976
14599
14970
2620
18235
18234
5216
20547
10477
10476
20014
5210
14157
14154
10478
5218
21549
24726
17878
20089
3534
24060
21543
21544
21547
21546
20495
8925
22899
11876
8922
14807
14808
22890
18524
18521
14485
4211
19434
773
15175
15173
18658
15171
15170
75
17932
7104
7105
17937
70
6864
14691
14371
14376
15770
14374
78
15217
3526
5366
5367
1045
1044
20305
21638
20307
20303
19404
18788
1685
3982
18783
18782
19004
18784
8254
4301
26167
13144
22806
1267
1265
18013
17751
11052
11053
3286
24490
17864
8786
15516
7615
15683
15685
17843
1914
1408
15999
15998
25172
18562
8437
1310
15913
17923
15585
21943
24781
13929
9829
6919
15195
15194
15197
15196
15191
5597
15192
8732
9631
19791
23161
23163
20558
7725
7726
7727
3948
21592
312
19475
3944
3946
6708
22075
6700
6703
23302
23304
6707
8513
12503
17182
9913
12507
6082
19078
8047
9038
4125
24477
22366
24475
24471
1378
6081
22369
24479
13636
19219
16553
19216
19215
6675
23945
23943
22149
12642
23412
22144
16083
22415
23419
16087
16084
4702
18105
23786
4052
13740
13749
19678
16159
12849
8282
9216
16154
19675
19677
16882
16331
16332
16334
16335
16336
19501
2293
21823
16888
16889
21048
2295
21825
25783
4354
18238
6642
25785
25034
12414
15409
2568
19316
23095
2563
2566
16162
10912
17339
2368
17337
19313
13013
24924
17331
17330
9133
17116
17443
888
17113
9135
10310
18237
9138
10640
16280
4442
1862
3655
14972
4446
25251
3725
3721
17134
17688
13597
23944
1613
25977
6291
24814
11734
5251
11733
20808
20806
6056
24819
20543
10004
7801
4704
5116
10000
15420
2630
20792
21315
21316
21317
8511
17592
16545
3430
3431
22951
22954
2741
2742
16469
4846
4847
16496
13067
17569
894
896
10268
899
10467
5202
20576
20574
5209
19462
16042
14165
18209
25872
13352
18587
21550
6388
19945
8916
2614
13175
13174
13177
11840
14346
14344
18314
11194
15160
15161
1782
15163
18648
18649
3048
11626
16216
1962
8448
1611
25107
18790
18791
1078
25516
20373
22239
20375
1073
21167
18225
18227
18222
1674
1675
23135
25102
13008
1672
8222
8224
1093
12612
676
8920
1098
22233
3136
18008
14809
18000
18001
10026
7103
20207
14747
14746
17859
1915
17854
4103
17850
22894
22618
4104
1322
1323
1321
1327
8969
23770
13556
6907
12422
15435
12425
5769
23576
23577
16155
23714
6908
15186
15184
8340
19895
5564
2072
2394
23241
1254
1520
25585
1258
17249
3953
22224
302
17248
19447
19446
19445
15172
21931
4115
24753
8352
2255
851
18034
19048
15235
8195
7893
14379
4372
9306
24444
6411
6868
17240
3820
17934
16521
13035
5184
14153
3059
23950
3056
23403
12637
14373
22421
22426
23409
3204
3055
9265
25904
3052
4068
4069
11502
14377
12051
5787
6863
16177
21031
21030
21032
3607
24593
22046
12187
24456
20309
1897
12749
25091
16946
12745
5365
25204
12743
12742
10923
19992
10926
19997
19996
15666
4265
2350
12160
7281
9458
9459
21968
9450
4451
13346
9143
1896
4458
3731
21142
2133
4697
950
953
12296
18552
24861
21816
21815
21814
6023
9413
20489
14009
5162
5164
5166
1859
20148
14004
14007
20780
20782
20783
20787
17075
21491
1879
21497
9217
21495
16756
12365
17589
16853
17584
3420
17580
16858
12369
17583
12165
2003
12166
23038
3851
2009
4583
14174
9074
9075
22285
4302
4771
14843
1855
21563
10456
18066
21560
10458
20562
8629
5417
6064
21156
25443
11607
8156
10588
22375
2997
13164
11182
14351
2912
23513
18676
14357
715
1796
915
10039
21339
17918
7126
20664
7125
26019
17911
19879
21558
24499
6301
5302
18250
18973
18256
1667
2074
20537
593
11537
15538
18152
2607
24270
24271
12981
12980
10130
2826
17345
2823
3386
5411
5412
17861
7635
71
10996
1403
1407
1405
1404
14431
449
1339
9944
4213
11951
24332
23099
6934
8128
5771
19705
5773
23092
18109
8122
23096
5579
5578
5575
5570
12640
3096
11028
23149
1248
23145
3099
25875
25877
25152
15682
339
23896
24252
21450
16743
19184
4102
16729
11227
11223
17739
25405
19059
3967
17738
24699
24696
19051
15245
15244
15247
25408
4433
25903
25902
24454
3890
22309
24453
3291
22436
21029
25304
22439
19248
6611
6610
12627
17341
21615
7277
10841
5953
5957
19454
3964
5794
10499
2560
19528
21027
19525
19527
3632
3633
3630
3631
22051
16624
4269
11405
2341
11402
12758
11400
2348
19980
19233
19234
2562
10931
25491
16994
21799
25272
25271
17467
17465
17463
9441
12286
12287
21158
21159
4466
7959
21152
25575
13371
1880
11401
2127
2342
941
19877
11712
6039
24877
21806
17266
6033
17268
6030
26100
6911
10062
5172
9207
5175
15891
8523
6913
20173
2655
2654
21379
3412
22937
3411
17001
7383
23939
7386
17277
3418
12370
12373
6918
15898
4868
21321
13480
13482
2010
14102
18487
18488
19457
20519
11026
24057
20511
10445
20513
20515
10113
20517
7444
21776
21777
3561
13153
22848
21771
13521
20683
21778
21779
8978
10590
14638
10597
4483
17502
8972
8973
4488
6190
21798
6857
18668
13355
18667
6859
6858
15198
20424
88
20421
8387
14615
80
81
10253
8526
20196
20191
21657
15774
141
18597
1658
14924
18246
13026
23300
1653
13029
20775
6583
19808
15523
15524
580
24002
8206
8200
7625
17875
24203
24204
11082
11979
18067
18065
5407
1430
5400
9732
20229
1981
19801
5408
11806
13470
20030
13971
13970
6737
4263
4468
23552
450
1341
1343
23558
23559
1347
17665
8118
3824
15418
15419
4467
15414
15416
8116
6920
9870
7712
7715
14430
7717
7716
5543
5541
5547
25868
8596
25863
1508
23153
8592
8593
8376
23883
23880
8378
11231
11233
13801
8579
2124
1992
15258
15253
25916
25917
25910
25911
22336
23093
2080
4650
25319
19081
19080
19739
19738
25648
19084
16506
19089
16056
25316
23429
6629
6738
6627
12615
12614
23420
23303
12611
23423
11713
6702
13711
17612
13713
13712
13714
8449
9895
19423
321
24731
3977
9893
25006
17681
13992
21016
21012
19557
9433
9915
16611
13404
6031
13625
18286
2332
2335
11416
13622
2338
22599
22598
25480
15793
10942
16110
25486
14319
16475
3716
16471
15357
17472
9471
3719
11468
22523
19955
19954
21169
16270
21162
4472
13364
16278
17670
25469
2950
2485
4673
24474
6009
17273
2952
17274
26171
26170
24845
24220
11700
24841
26176
20168
2465
9273
21341
24199
9209
10055
10726
5143
21705
9208
122
124
3409
20765
17016
16872
4877
12389
4870
22839
12386
12380
26005
26004
12141
10615
6317
13493
12149
13496
20243
6442
25321
22109
9098
9099
9095
17114
9090
9092
9093
10439
10438
19350
9656
21588
10825
20774
21584
21587
9659
10435
19356
7247
7246
13142
18875
16659
16483
18879
24888
19605
2664
8968
4493
9785
2661
13388
13389
18619
25229
6823
6824
6825
15880
6828
18613
18612
8187
20341
20434
20435
20432
11899
20346
14606
18580
18582
10549
11891
8211
18586
12644
20184
20182
12645
23417
8815
14933
14286
18278
18905
18276
18275
16963
13032
12641
8219
18724
1839
18720
18051
11093
573
21289
570
8215
8742
15081
574
7650
17800
18297
12968
17807
17808
3164
24219
2806
5629
2805
7096
7094
7095
1425
7093
5434
7091
20236
8177
20230
4983
7098
23418
731
13498
733
938
8179
21634
2001
4273
13966
23529
4242
1350
1356
5555
13481
15399
18125
6482
7384
9862
15396
15395
25856
14424
25854
24506
24503
11148
8589
23864
1519
1511
8365
8369
3383
13664
12547
12545
23186
23637
13813
16011
6556
15066
9018
9066
6558
24439
6532
14661
22321
24431
7475
22100
22457
22108
16511
19724
16513
19090
19723
19093
7485
22691
23989
22693
22696
6631
22699
23452
6635
23454
12606
4018
4013
13703
4015
7504
19433
24722
352
351
3980
9889
3983
16607
8476
16608
19545
17208
14067
22074
25721
13673
23855
4705
13635
2326
4700
23859
23858
20779
4708
3618
281
283
10956
8871
3765
3766
17207
21910
1116
21178
3754
16264
260
267
25108
19940
16261
21772
269
17392
17395
17394
17396
5061
6010
19697
4642
2490
4640
4641
4631
8155
3243
25582
19890
7899
25589
11841
17245
7895
7317
2250
164
24183
2475
2474
9267
17022
17021
9264
10041
9269
114
7877
113
22917
7878
4639
7024
4638
2783
16727
2789
16234
11604
10600
10601
12158
26013
11602
6305
12155
12157
11609
2076
6303
11939
20536
20534
20533
20532
14128
24341
14123
9082
20538
17731
24835
21596
9316
9647
9314
9313
10427
9643
3508
8552
5519
18866
18867
21754
3501
3502
3507
12032
6830
6835
14383
18600
2922
14385
18605
14639
10555
10552
10550
18592
18595
7280
1985
1982
8000
8823
8824
15626
18913
18910
18736
12419
18042
10910
8774
18739
14707
3178
163
18282
17817
7645
15659
15657
3173
17819
14709
12971
13651
7087
21468
1186
7088
5427
3372
727
10918
20772
14619
10919
15384
6494
15382
4249
8178
4247
13955
20892
3442
4241
15478
15479
13683
6943
5529
6941
15477
5497
9414
11175
14414
46
25849
14419
45
1293
1563
23506
17419
18870
8391
12806
8553
12553
12802
12803
23628
17118
23622
23623
23620
16837
6544
6543
5639
6541
1860
5634
5636
22318
16347
3197
3194
3193
25934
17683
25937
25931
