21012
9785
2741
22691
6610
19423
14807
4164
15244
25758
21847
2212
18894
6512
22887
6179
12851
11472
20108
6830
10350
4755
15010
19645
14766
7635
15933
9869
7650
24718
18866
2621
5131
6525
15148
26039
22324
8448
18000
3820
14373
24474
1293
18453
23712
19446
15245
14648
13929
7444
2654
22601
231
23382
2980
14265
23038
9755
2710
4364
6583
339
20250
18942
3814
2144
3651
3652
1023
12885
15173
15999
3655
3055
21030
19705
7096
25108
18719
6271
22457
16389
20716
19865
6264
4952
19640
17439
14485
676
20511
1488
18396
9017
14599
21379
22937
8823
2457
10711
6774
18952
4575
1588
