59077
19615
63113
48973
30744
16164
50568
62227
5138
16278
23420
43226
40517
54785
33512
6517
26398
38500
35606
38055
32833
51294
25092
37963
23825
53450
361
18433
11078
36860
44262
20394
1931
48192
66135
33715
49295
7859
59471
27312
57878
29715
54915
5702
35424
554
66017
13937
4621
33617
26122
14642
57738
66820
45844
43864
36383
14017
51028
68111
9390
54519
19660
29373
23282
46064
24697
35280
33454
61879
19974
42995
67701
11913
16320
25569
1481
6366
18844
29859
51382
23072
14823
61292
61556
67872
57830
40370
65091
34071
8307
32719
34735
5544
38965
21044
29335
68368
55835
6948
15005
22502
33650
12639
45736
9154
29928
60268
64787
12067
29509
37616
15604
36578
49304
40675
4436
16853
8979
18168
65199
52762
61475
8661
15792
5421
5745
9082
23701
56916
21858
16496
30766
10170
32661
7704
38112
54845
30291
55787
5379
17030
51659
29546
43425
33543
30545
50073
39773
58887
52116
32368
26304
1616
61977
54652
35835
19893
13052
28406
47677
8660
47116
1268
37332
45107
33847
10677
37932
35630
63009
59600
65086
5263
15587
1724
11953
56583
28240
25982
37152
12981
37108
28651
39659
28971
44805
1035
55079
6397
12459
65922
66171
51464
4389
45526
63966
