71788
75297
40942
3919
88290
36663
35642
84171
73754
25730
74955
27060
49483
63568
39113
22506
22664
58949
15986
59131
31284
74557
36334
1610
7913
85219
37068
47202
11279
17120
24866
17583
73854
50935
62262
71959
82702
70823
41208
53056
58021
65933
34942
4725
83152
84525
50181
57336
82211
18976
78196
34337
58062
22394
75238
62499
50009
79687
66087
49422
51879
55108
35168
24442
13313
52834
33818
20087
35744
78891
13097
68388
68014
52618
33171
59907
36082
17666
39824
53426
67266
61440
27954
35690
59041
22846
611
23828
85482
6182
23906
21331
84544
15419
70944
82754
51116
29585
10326
82290
5790
70276
80234
12728
16374
8265
51208
65349
20217
9681
66700
72224
23106
19085
5732
13198
75981
83943
3070
42093
