59077
19615
63113
48973
30744
16164
50568
62227
5138
16278
23420
43226
40517
54785
33512
6517
26398
38500
35606
38055
32833
51294
25092
37963
23825
53450
361
18433
11078
36860
44262
20394
1931
48192
66135
33715
49295
7859
59471
27312
57878
29715
54915
5702
35424
554
66017
13937
4621
33617
26122
14642
57738
66820
45844
43864
36383
14017
51028
68111
9390
54519
19660
29373
23282
46064
24697
35280
33454
61879
19974
42995
67701
11913
16320
25569
1481
6366
18844
29859
51382
23072
14823
61292
61556
67872
57830
40370
65091
34071
8307
32719
34735
5544
38965
21044
29335
68368
55835
6948
15005
22502
33650
12639
45736
9154
29928
60268
64787
12067
29509
37616
15604
36578
49304
40675
4436
16853
8979
18168
65199
52762
61475
8661
15792
5421
5745
9082
23701
56916
21858
16496
30766
10170
32661
7704
38112
54845
30291
55787
5379
17030
51659
29546
43425
33543
30545
50073
39773
58887
52116
32368
26304
1616
61977
54652
35835
19893
13052
28406
47677
8660
47116
1268
37332
45107
33847
10677
37932
35630
63009
59600
65086
5263
15587
1724
11953
56583
28240
25982
37152
12981
37108
28651
39659
28971
44805
1035
55079
6397
12459
65922
66171
51464
4389
45526
63966
6977
26021
32054
40041
29181
3624
46001
42581
63303
25091
33426
68251
31612
9746
65553
5063
19684
26756
38253
62871
21952
35910
33200
7048
21518
66288
11557
61796
61069
40625
61777
32800
21587
2600
49600
56559
34989
6435
53238
20599
17755
66882
13496
46237
10717
44721
43076
27122
62541
55610
20253
57942
24408
7522
17575
7233
52622
51962
2317
54987
21411
64950
924
65786
65013
16610
35794
4387
3826
31398
9010
53481
56473
56970
36071
28001
60481
35725
48299
24856
25844
47725
43974
3572
49794
64553
14456
33090
44753
33892
51498
10337
48387
51984
58685
25902
14381
13234
11683
49658
3175
36767
54218
26847
59730
34891
60516
36322
34364
66995
273
17141
9443
61391
36998
457
36481
29635
63322
64142
31145
39460
61129
53825
37482
35204
46660
33384
10653
41221
32635
41458
38682
35750
22862
17667
20519
57605
56120
16728
56663
41167
64577
19268
41270
21934
62370
31729
32749
65422
8586
50736
8391
21130
21895
53132
26860
50786
15304
33029
56008
8109
22107
47509
9356
2410
67983
19123
34463
16266
116
36456
3682
27218
52149
31907
17940
25750
30254
16570
19808
57125
5764
3890
13527
15826
12258
21326
53907
20152
36180
38419
60368
57197
54369
45521
8465
35480
