21012
9785
2741
22691
6610
19423
14807
4164
15244
25758
21847
2212
18894
6512
22887
6179
12851
11472
20108
6830
10350
4755
15010
19645
14766
7635
15933
9869
7650
24718
18866
2621
5131
6525
15148
26039
22324
8448
18000
3820
14373
24474
1293
18453
23712
19446
15245
14648
13929
7444
2654
22601
231
23382
2980
14265
23038
9755
2710
4364
6583
339
20250
18942
3814
2144
3651
3652
1023
12885
15173
15999
3655
3055
21030
19705
7096
25108
18719
6271
22457
16389
20716
19865
6264
4952
19640
17439
14485
676
20511
1488
18396
9017
14599
21379
22937
8823
2457
10711
6774
18952
4575
1588
5901
15562
5065
3534
19677
14379
17580
1563
10762
13142
19870
24616
25396
22177
15145
23241
17584
3501
25289
5621
5067
1217
9025
4846
6907
20532
5052
24617
9397
11785
17330
4639
23614
543
7307
11015
3310
7013
24924
21491
24696
23134
7007
11696
22366
19992
24057
17385
23514
19246
18185
3877
7719
22741
21861
12788
19463
9124
7357
4354
20780
5412
22598
6544
19573
18143
24559
18095
4512
8280
624
14542
215
1858
4550
6892
22793
185
17751
24814
14924
15066
351
13096
10096
8768
13614
8151
2846
19586
9021
15108
25080
8261
9722
5346
18208
5107
6708
19678
16882
13556
2072
25271
9208
9889
17022
17038
22903
4748
1958
25998
17559
16310
7350
13008
23403
10926
2560
23939
10055
21432
22815
17626
24371
24293
9710
16148
16994
345
25060
16674
2042
7264
12491
15678
1151
4773
18743
24294
24706
12266
2410
18971
15300
25205
4416
3231
14767
3113
19216
16469
13346
6301
23896
12627
15414
13714
