59077
19615
63113
48973
30744
16164
50568
62227
5138
16278
23420
43226
40517
54785
33512
6517
26398
38500
35606
38055
32833
51294
25092
37963
23825
53450
361
18433
11078
36860
44262
20394
1931
48192
66135
33715
49295
7859
59471
27312
57878
29715
54915
5702
35424
554
66017
13937
4621
33617
26122
14642
57738
66820
45844
43864
36383
14017
51028
68111
9390
54519
19660
29373
23282
46064
24697
35280
33454
61879
19974
42995
67701
11913
16320
25569
1481
6366
18844
29859
51382
23072
14823
61292
61556
67872
57830
40370
65091
34071
8307
32719
34735
5544
38965
21044
29335
68368
