71788
75297
40942
3919
88290
36663
35642
84171
73754
25730
74955
27060
49483
63568
39113
22506
22664
58949
15986
59131
31284
74557
36334
1610
7913
85219
37068
47202
11279
17120
24866
17583
73854
50935
62262
71959
82702
70823
41208
53056
58021
65933
34942
4725
83152
84525
50181
57336
82211
18976
78196
34337
58062
22394
75238
62499
50009
79687
66087
49422
51879
55108
35168
24442
13313
52834
33818
20087
35744
78891
13097
68388
68014
52618
33171
59907
36082
17666
39824
53426
67266
61440
27954
35690
59041
22846
611
23828
85482
6182
23906
21331
84544
15419
70944
82754
51116
29585
10326
82290
5790
70276
80234
12728
16374
8265
51208
65349
20217
9681
66700
72224
23106
19085
5732
13198
75981
83943
3070
42093
18110
42715
36648
9381
58620
56582
59445
49282
19805
36300
43863
37280
34241
32628
9319
14431
69783
11998
10288
3737
44664
57260
80619
19764
36228
20545
41611
2932
63621
56358
25275
67339
83809
53535
28143
27801
88973
76326
29156
13510
10123
57375
85486
83675
20119
45462
47040
24635
76328
14737
32942
22179
46203
52615
23723
87239
35490
70773
87694
38651
54185
85078
64300
81032
71713
83303
65300
85276
38297
49286
65577
2885
21967
47030
57672
48059
3044
73085
3885
18068
38472
42454
5030
44100
80384
56364
1813
10623
7843
29954
6521
76490
53914
39852
42276
40102
56143
29696
57924
33772
78475
41407
15395
76208
75130
50828
56438
59091
29530
75609
51063
11344
61100
23399
12579
80110
86230
47700
86999
59843
36551
48187
1927
88871
63392
40202
40367
28563
74107
38992
54463
23517
66577
60470
8511
32905
24814
82319
67713
24645
13785
24322
36849
20117
595
85115
74997
75966
69300
77695
66211
42052
3836
12665
8522
36617
11334
52054
24964
11466
72177
48014
9286
74176
41868
27848
18472
64324
73828
15997
63583
36032
77967
36720
11187
24956
74244
50583
58847
8371
47827
61804
13797
27095
73179
73171
51271
26820
26986
12416
57977
19236
67661
74915
19163
53983
27314
82269
69155
18262
21928
22208
68037
10840
4023
12005
15644
35647
23222
5355
61777
40969
24393
80100
50218
59506
81902
62796
64032
85077
78263
53065
79943
34858
83652
57809
66837
68651
47881
52948
60091
21054
88898
83732
2441
72875
50321
4982
58046
18759
